Model dump (x mu nu), grid of 25x25=625 pts
Model parameter values (noise variance lengthscales [periods]): (1e-12, 57.54555423225665, [360.0, 1.0], [57.54555423225665, 0.7115956529792731])
   -5.00000000E+01       -5.00000000E+01        2.58505000E+01        1.00009977E-04    
   -3.50000000E+01       -5.00000000E+01        2.76694485E+01        4.74602710E-01    
   -2.00000000E+01       -5.00000000E+01        3.00559735E+01        8.41277480E-01    
   -5.00000000E+00       -5.00000000E+01        3.24319576E+01        1.04726380E+00    
    1.00000000E+01       -5.00000000E+01        3.43536458E+01        1.17139667E+00    
    2.50000000E+01       -5.00000000E+01        3.56380964E+01        1.39163512E+00    
    4.00000000E+01       -5.00000000E+01        3.63554391E+01        1.77490410E+00    
    5.50000000E+01       -5.00000000E+01        3.67168417E+01        2.19685617E+00    
    7.00000000E+01       -5.00000000E+01        3.69368385E+01        2.50485404E+00    
    8.50000000E+01       -5.00000000E+01        3.71440654E+01        2.62936754E+00    
    1.00000000E+02       -5.00000000E+01        3.73680627E+01        2.61995939E+00    
    1.15000000E+02       -5.00000000E+01        3.75792075E+01        2.62702024E+00    
    1.30000000E+02       -5.00000000E+01        3.77362983E+01        2.78255994E+00    
    1.45000000E+02       -5.00000000E+01        3.78072278E+01        3.04800388E+00    
    1.60000000E+02       -5.00000000E+01        3.77556431E+01        3.24616040E+00    
    1.75000000E+02       -5.00000000E+01        3.75108559E+01        3.20887935E+00    
    1.90000000E+02       -5.00000000E+01        3.69499986E+01        2.85939407E+00    
    2.05000000E+02       -5.00000000E+01        3.59191689E+01        2.23016421E+00    
    2.20000000E+02       -5.00000000E+01        3.43038077E+01        1.45644696E+00    
    2.35000000E+02       -5.00000000E+01        3.21289105E+01        7.87289085E-01    
    2.50000000E+02       -5.00000000E+01        2.96377101E+01        6.26988541E-01    
    2.65000000E+02       -5.00000000E+01        2.72866395E+01        7.78847431E-01    
    2.80000000E+02       -5.00000000E+01        2.56254276E+01        7.43788566E-01    
    2.95000000E+02       -5.00000000E+01        2.50969254E+01        4.53487882E-01    
    3.10000000E+02       -5.00000000E+01        2.58505000E+01        1.00009977E-04    
   -5.00000000E+01       -3.50000000E+01        2.33034109E+01        3.97535599E-01    
   -3.50000000E+01       -3.50000000E+01        2.59714600E+01        6.44148117E-01    
   -2.00000000E+01       -3.50000000E+01        2.91799890E+01        7.64582069E-01    
   -5.00000000E+00       -3.50000000E+01        3.22710954E+01        7.73151193E-01    
    1.00000000E+01       -3.50000000E+01        3.47401214E+01        9.32126600E-01    
    2.50000000E+01       -3.50000000E+01        3.63675028E+01        1.39023471E+00    
    4.00000000E+01       -3.50000000E+01        3.72126106E+01        1.94799128E+00    
    5.50000000E+01       -3.50000000E+01        3.75003265E+01        2.38556634E+00    
    7.00000000E+01       -3.50000000E+01        3.74785216E+01        2.56298093E+00    
    8.50000000E+01       -3.50000000E+01        3.73200257E+01        2.43412834E+00    
    1.00000000E+02       -3.50000000E+01        3.70983208E+01        2.07525215E+00    
    1.15000000E+02       -3.50000000E+01        3.68177850E+01        1.73529800E+00    
    1.30000000E+02       -3.50000000E+01        3.64568793E+01        1.77031848E+00    
    1.45000000E+02       -3.50000000E+01        3.59912414E+01        2.16345591E+00    
    1.60000000E+02       -3.50000000E+01        3.53880034E+01        2.54767004E+00    
    1.75000000E+02       -3.50000000E+01        3.45850808E+01        2.66566726E+00    
    1.90000000E+02       -3.50000000E+01        3.34807679E+01        2.43059065E+00    
    2.05000000E+02       -3.50000000E+01        3.19578093E+01        1.89064348E+00    
    2.20000000E+02       -3.50000000E+01        2.99511381E+01        1.20555628E+00    
    2.35000000E+02       -3.50000000E+01        2.75403450E+01        6.51391593E-01    
    2.50000000E+02       -3.50000000E+01        2.50171993E+01        5.70494578E-01    
    2.65000000E+02       -3.50000000E+01        2.28685176E+01        6.52786480E-01    
    2.80000000E+02       -3.50000000E+01        2.16461748E+01        5.47288205E-01    
    2.95000000E+02       -3.50000000E+01        2.17619478E+01        3.29487987E-01    
    3.10000000E+02       -3.50000000E+01        2.33034109E+01        3.97535599E-01    
   -5.00000000E+01       -2.00000000E+01        2.20229423E+01        5.16423747E-01    
   -3.50000000E+01       -2.00000000E+01        2.53007017E+01        6.70174362E-01    
   -2.00000000E+01       -2.00000000E+01        2.90387891E+01        5.53331795E-01    
   -5.00000000E+00       -2.00000000E+01        3.25456588E+01        1.52159316E-01    
    1.00000000E+01       -2.00000000E+01        3.52953991E+01        5.56860052E-01    
    2.50000000E+01       -2.00000000E+01        3.70577725E+01        1.32491687E+00    
    4.00000000E+01       -2.00000000E+01        3.78914804E+01        2.02235736E+00    
    5.50000000E+01       -2.00000000E+01        3.80312602E+01        2.48006636E+00    
    7.00000000E+01       -2.00000000E+01        3.77449948E+01        2.58069526E+00    
    8.50000000E+01       -2.00000000E+01        3.72325669E+01        2.27989647E+00    
    1.00000000E+02       -2.00000000E+01        3.65958985E+01        1.61566674E+00    
    1.15000000E+02       -2.00000000E+01        3.58634635E+01        7.17561694E-01    
    1.30000000E+02       -2.00000000E+01        3.50307413E+01        4.51468409E-01    
    1.45000000E+02       -2.00000000E+01        3.40852169E+01        1.30987149E+00    
    1.60000000E+02       -2.00000000E+01        3.30064460E+01        1.95107559E+00    
    1.75000000E+02       -2.00000000E+01        3.17520906E+01        2.21378736E+00    
    1.90000000E+02       -2.00000000E+01        3.02516698E+01        2.06928104E+00    
    2.05000000E+02       -2.00000000E+01        2.84293465E+01        1.59215684E+00    
    2.20000000E+02       -2.00000000E+01        2.62641930E+01        9.41282268E-01    
    2.35000000E+02       -2.00000000E+01        2.38710727E+01        3.20080140E-01    
    2.50000000E+02       -2.00000000E+01        2.15568160E+01        1.57886645E-01    
    2.65000000E+02       -2.00000000E+01        1.97966293E+01        2.84020374E-01    
    2.80000000E+02       -2.00000000E+01        1.91050831E+01        1.65497622E-01    
    2.95000000E+02       -2.00000000E+01        1.98386738E+01        2.19294414E-01    
    3.10000000E+02       -2.00000000E+01        2.20229423E+01        5.16423747E-01    
   -5.00000000E+01       -5.00000000E+00        2.25085509E+01        4.95870904E-01    
   -3.50000000E+01       -5.00000000E+00        2.60087696E+01        5.95964289E-01    
   -2.00000000E+01       -5.00000000E+00        2.98510757E+01        5.89152119E-01    
   -5.00000000E+00       -5.00000000E+00        3.33684529E+01        7.16049841E-01    
    1.00000000E+01       -5.00000000E+00        3.60598688E+01        1.20456193E+00    
    2.50000000E+01       -5.00000000E+00        3.77111142E+01        1.87297264E+00    
    4.00000000E+01       -5.00000000E+00        3.83866495E+01        2.49065230E+00    
    5.50000000E+01       -5.00000000E+00        3.83213413E+01        2.88364076E+00    
    7.00000000E+01       -5.00000000E+00        3.77839173E+01        2.94517994E+00    
    8.50000000E+01       -5.00000000E+00        3.69798825E+01        2.65158055E+00    
    1.00000000E+02       -5.00000000E+00        3.60218603E+01        2.07962897E+00    
    1.15000000E+02       -5.00000000E+00        3.49519057E+01        1.45882897E+00    
    1.30000000E+02       -5.00000000E+00        3.37798928E+01        1.27202528E+00    
    1.45000000E+02       -5.00000000E+00        3.25087080E+01        1.66687202E+00    
    1.60000000E+02       -5.00000000E+00        3.11370203E+01        2.10881378E+00    
    1.75000000E+02       -5.00000000E+00        2.96485918E+01        2.28478518E+00    
    1.90000000E+02       -5.00000000E+00        2.80065651E+01        2.12200048E+00    
    2.05000000E+02       -5.00000000E+00        2.61711608E+01        1.68161755E+00    
    2.20000000E+02       -5.00000000E+00        2.41488982E+01        1.10783422E+00    
    2.35000000E+02       -5.00000000E+00        2.20600302E+01        5.75284801E-01    
    2.50000000E+02       -5.00000000E+00        2.01854648E+01        2.35101306E-01    
    2.65000000E+02       -5.00000000E+00        1.89443218E+01        1.21974621E-01    
    2.80000000E+02       -5.00000000E+00        1.87780964E+01        1.18506462E-01    
    2.95000000E+02       -5.00000000E+00        1.99735811E+01        2.96891649E-01    
    3.10000000E+02       -5.00000000E+00        2.25085509E+01        4.95870904E-01    
   -5.00000000E+01        1.00000000E+01        2.45465751E+01        1.27173806E-01    
   -3.50000000E+01        1.00000000E+01        2.78745056E+01        4.28695350E-01    
   -2.00000000E+01        1.00000000E+01        3.14110180E+01        9.07285647E-01    
   -5.00000000E+00        1.00000000E+01        3.45648998E+01        1.47019394E+00    
    1.00000000E+01        1.00000000E+01        3.68984363E+01        2.07918852E+00    
    2.50000000E+01        1.00000000E+01        3.82336837E+01        2.67399727E+00    
    4.00000000E+01        1.00000000E+01        3.86431711E+01        3.16301471E+00    
    5.50000000E+01        1.00000000E+01        3.83505600E+01        3.45281610E+00    
    7.00000000E+01        1.00000000E+01        3.76066539E+01        3.48866780E+00    
    8.50000000E+01        1.00000000E+01        3.66027426E+01        3.28425957E+00    
    1.00000000E+02        1.00000000E+01        3.54463413E+01        2.93705735E+00    
    1.15000000E+02        1.00000000E+01        3.41840511E+01        2.62098008E+00    
    1.30000000E+02        1.00000000E+01        3.28378684E+01        2.50346045E+00    
    1.45000000E+02        1.00000000E+01        3.14283135E+01        2.57907807E+00    
    1.60000000E+02        1.00000000E+01        2.99765459E+01        2.66398031E+00    
    1.75000000E+02        1.00000000E+01        2.84935653E+01        2.58223262E+00    
    1.90000000E+02        1.00000000E+01        2.69721525E+01        2.27042779E+00    
    2.05000000E+02        1.00000000E+01        2.53971872E+01        1.77422130E+00    
    2.20000000E+02        1.00000000E+01        2.37823388E+01        1.20236413E+00    
    2.35000000E+02        1.00000000E+01        2.22241896E+01        6.67214888E-01    
    2.50000000E+02        1.00000000E+01        2.09429437E+01        2.42389845E-01    
    2.65000000E+02        1.00000000E+01        2.02679308E+01        9.77971041E-02    
    2.80000000E+02        1.00000000E+01        2.05445924E+01        2.29789048E-01    
    2.95000000E+02        1.00000000E+01        2.19870080E+01        2.11663193E-01    
    3.10000000E+02        1.00000000E+01        2.45465751E+01        1.27173806E-01    
   -5.00000000E+01        2.50000000E+01        2.74594443E+01        6.93694327E-01    
   -3.50000000E+01        2.50000000E+01        3.03267251E+01        8.82998809E-01    
   -2.00000000E+01        2.50000000E+01        3.32782532E+01        1.45305145E+00    
   -5.00000000E+00        2.50000000E+01        3.58286838E+01        2.12707635E+00    
    1.00000000E+01        2.50000000E+01        3.76242767E+01        2.75487809E+00    
    2.50000000E+01        2.50000000E+01        3.85327480E+01        3.26357291E+00    
    4.00000000E+01        2.50000000E+01        3.86337665E+01        3.60975960E+00    
    5.50000000E+01        2.50000000E+01        3.81311276E+01        3.77082879E+00    
    7.00000000E+01        2.50000000E+01        3.72447336E+01        3.75622585E+00    
    8.50000000E+01        2.50000000E+01        3.61380946E+01        3.61724480E+00    
    1.00000000E+02        2.50000000E+01        3.49027787E+01        3.43838946E+00    
    1.15000000E+02        2.50000000E+01        3.35837149E+01        3.30111978E+00    
    1.30000000E+02        2.50000000E+01        3.22131966E+01        3.22875071E+00    
    1.45000000E+02        2.50000000E+01        3.08298116E+01        3.15960427E+00    
    1.60000000E+02        2.50000000E+01        2.94769135E+01        2.98762032E+00    
    1.75000000E+02        2.50000000E+01        2.81890978E+01        2.63447553E+00    
    1.90000000E+02        2.50000000E+01        2.69803287E+01        2.09690263E+00    
    2.05000000E+02        2.50000000E+01        2.58467196E+01        1.45077264E+00    
    2.20000000E+02        2.50000000E+01        2.47916526E+01        8.23627418E-01    
    2.35000000E+02        2.50000000E+01        2.38684970E+01        4.12154635E-01    
    2.50000000E+02        2.50000000E+01        2.32179946E+01        5.05859835E-01    
    2.65000000E+02        2.50000000E+01        2.30656508E+01        7.51427902E-01    
    2.80000000E+02        2.50000000E+01        2.36560410E+01        8.77101554E-01    
    2.95000000E+02        2.50000000E+01        2.51385094E+01        8.22463257E-01    
    3.10000000E+02        2.50000000E+01        2.74594443E+01        6.93694327E-01    
   -5.00000000E+01        4.00000000E+01        3.05358376E+01        1.72438668E+00    
   -3.50000000E+01        4.00000000E+01        3.27993038E+01        1.85122430E+00    
   -2.00000000E+01        4.00000000E+01        3.50509576E+01        2.23892980E+00    
   -5.00000000E+00        4.00000000E+01        3.69163839E+01        2.75184014E+00    
    1.00000000E+01        4.00000000E+01        3.81268106E+01        3.21535822E+00    
    2.50000000E+01        4.00000000E+01        3.85944317E+01        3.52685681E+00    
    4.00000000E+01        4.00000000E+01        3.84038343E+01        3.65293364E+00    
    5.50000000E+01        4.00000000E+01        3.77356613E+01        3.61600981E+00    
    7.00000000E+01        4.00000000E+01        3.67742318E+01        3.48731703E+00    
    8.50000000E+01        4.00000000E+01        3.56496688E+01        3.36580281E+00    
    1.00000000E+02        4.00000000E+01        3.44324654E+01        3.32555375E+00    
    1.15000000E+02        4.00000000E+01        3.31625295E+01        3.36042395E+00    
    1.30000000E+02        4.00000000E+01        3.18808732E+01        3.38572019E+00    
    1.45000000E+02        4.00000000E+01        3.06427468E+01        3.29082117E+00    
    1.60000000E+02        4.00000000E+01        2.95101439E+01        2.98836540E+00    
    1.75000000E+02        4.00000000E+01        2.85338592E+01        2.44434710E+00    
    1.90000000E+02        4.00000000E+01        2.77377527E+01        1.69396806E+00    
    2.05000000E+02        4.00000000E+01        2.71158245E+01        8.36281593E-01    
    2.20000000E+02        4.00000000E+01        2.66489000E+01        1.00010013E-04    
    2.35000000E+02        4.00000000E+01        2.63392683E+01        7.08026479E-01    
    2.50000000E+02        4.00000000E+01        2.62471073E+01        1.23769450E+00    
    2.65000000E+02        4.00000000E+01        2.65004538E+01        1.58401212E+00    
    2.80000000E+02        4.00000000E+01        2.72558015E+01        1.75118142E+00    
    2.95000000E+02        4.00000000E+01        2.86145844E+01        1.76120943E+00    
    3.10000000E+02        4.00000000E+01        3.05358376E+01        1.72438668E+00    
   -5.00000000E+01        5.50000000E+01        3.32697025E+01        2.55317921E+00    
   -3.50000000E+01        5.50000000E+01        3.49060875E+01        2.70221064E+00    
   -2.00000000E+01        5.50000000E+01        3.64728003E+01        2.96049059E+00    
   -5.00000000E+00        5.50000000E+01        3.76916791E+01        3.25330811E+00    
    1.00000000E+01        5.50000000E+01        3.83651750E+01        3.46263326E+00    
    2.50000000E+01        5.50000000E+01        3.84419295E+01        3.49967488E+00    
    4.00000000E+01        5.50000000E+01        3.80100694E+01        3.33539656E+00    
    5.50000000E+01        5.50000000E+01        3.72297410E+01        3.01639514E+00    
    7.00000000E+01        5.50000000E+01        3.62526214E+01        2.67930008E+00    
    8.50000000E+01        5.50000000E+01        3.51764031E+01        2.51983149E+00    
    1.00000000E+02        5.50000000E+01        3.40495343E+01        2.63551081E+00    
    1.15000000E+02        5.50000000E+01        3.29052117E+01        2.90314295E+00    
    1.30000000E+02        5.50000000E+01        3.17913093E+01        3.11821252E+00    
    1.45000000E+02        5.50000000E+01        3.07768126E+01        3.13581708E+00    
    1.60000000E+02        5.50000000E+01        2.99366611E+01        2.88878950E+00    
    1.75000000E+02        5.50000000E+01        2.93283414E+01        2.38098153E+00    
    1.90000000E+02        5.50000000E+01        2.89731244E+01        1.70114872E+00    
    2.05000000E+02        5.50000000E+01        2.88504868E+01        1.08847091E+00    
    2.20000000E+02        5.50000000E+01        2.89108556E+01        1.02388317E+00    
    2.35000000E+02        5.50000000E+01        2.91063993E+01        1.45137302E+00    
    2.50000000E+02        5.50000000E+01        2.94284672E+01        1.89064205E+00    
    2.65000000E+02        5.50000000E+01        2.99285323E+01        2.20362625E+00    
    2.80000000E+02        5.50000000E+01        3.07000181E+01        2.38861019E+00    
    2.95000000E+02        5.50000000E+01        3.18187144E+01        2.48058970E+00    
    3.10000000E+02        5.50000000E+01        3.32697025E+01        2.55317921E+00    
   -5.00000000E+01        7.00000000E+01        3.52968293E+01        2.85682983E+00    
   -3.50000000E+01        7.00000000E+01        3.63559004E+01        3.08770857E+00    
   -2.00000000E+01        7.00000000E+01        3.73273265E+01        3.29926366E+00    
   -5.00000000E+00        7.00000000E+01        3.80033095E+01        3.43837482E+00    
    1.00000000E+01        7.00000000E+01        3.82362307E+01        3.44255741E+00    
    2.50000000E+01        7.00000000E+01        3.80007960E+01        3.25498913E+00    
    4.00000000E+01        7.00000000E+01        3.73895779E+01        2.84447061E+00    
    5.50000000E+01        7.00000000E+01        3.65497063E+01        2.23786867E+00    
    7.00000000E+01        7.00000000E+01        3.56080790E+01        1.58365230E+00    
    8.50000000E+01        7.00000000E+01        3.46342469E+01        1.28230205E+00    
    1.00000000E+02        7.00000000E+01        3.36549063E+01        1.63508268E+00    
    1.15000000E+02        7.00000000E+01        3.26945099E+01        2.20972141E+00    
    1.30000000E+02        7.00000000E+01        3.18048225E+01        2.66182595E+00    
    1.45000000E+02        7.00000000E+01        3.10644885E+01        2.88051031E+00    
    1.60000000E+02        7.00000000E+01        3.05549811E+01        2.85012368E+00    
    1.75000000E+02        7.00000000E+01        3.03309411E+01        2.61204797E+00    
    1.90000000E+02        7.00000000E+01        3.03994137E+01        2.27214491E+00    
    2.05000000E+02        7.00000000E+01        3.07149164E+01        1.99992411E+00    
    2.20000000E+02        7.00000000E+01        3.11930584E+01        1.93366351E+00    
    2.35000000E+02        7.00000000E+01        3.17419521E+01        2.03718623E+00    
    2.50000000E+02        7.00000000E+01        3.23024369E+01        2.18227695E+00    
    2.65000000E+02        7.00000000E+01        3.28773429E+01        2.31605369E+00    
    2.80000000E+02        7.00000000E+01        3.35275299E+01        2.46077152E+00    
    2.95000000E+02        7.00000000E+01        3.43270823E+01        2.64151929E+00    
    3.10000000E+02        7.00000000E+01        3.52968293E+01        2.85682983E+00    
   -5.00000000E+01        8.50000000E+01        3.62339425E+01        2.56543289E+00    
   -3.50000000E+01        8.50000000E+01        3.68017569E+01        2.91395996E+00    
   -2.00000000E+01        8.50000000E+01        3.73006653E+01        3.13222787E+00    
   -5.00000000E+00        8.50000000E+01        3.75633011E+01        3.19784099E+00    
    1.00000000E+01        8.50000000E+01        3.74691029E+01        3.10993065E+00    
    2.50000000E+01        8.50000000E+01        3.70095213E+01        2.85591305E+00    
    4.00000000E+01        8.50000000E+01        3.62852661E+01        2.40729388E+00    
    5.50000000E+01        8.50000000E+01        3.54408918E+01        1.74933699E+00    
    7.00000000E+01        8.50000000E+01        3.45881128E+01        9.16242487E-01    
    8.50000000E+01        8.50000000E+01        3.37725000E+01        1.00009942E-04    
    1.00000000E+02        8.50000000E+01        3.29975803E+01        8.77312432E-01    
    1.15000000E+02        8.50000000E+01        3.22746181E+01        1.61275165E+00    
    1.30000000E+02        8.50000000E+01        3.16541947E+01        2.15971656E+00    
    1.45000000E+02        8.50000000E+01        3.12195180E+01        2.52470141E+00    
    1.60000000E+02        8.50000000E+01        3.10526370E+01        2.73265916E+00    
    1.75000000E+02        8.50000000E+01        3.11977312E+01        2.80419362E+00    
    1.90000000E+02        8.50000000E+01        3.16390325E+01        2.76462121E+00    
    2.05000000E+02        8.50000000E+01        3.22992875E+01        2.65186373E+00    
    2.20000000E+02        8.50000000E+01        3.30584861E+01        2.49367716E+00    
    2.35000000E+02        8.50000000E+01        3.37899175E+01        2.28835955E+00    
    2.50000000E+02        8.50000000E+01        3.44046779E+01        2.04395210E+00    
    2.65000000E+02        8.50000000E+01        3.48863745E+01        1.85319349E+00    
    2.80000000E+02        8.50000000E+01        3.52939959E+01        1.88114599E+00    
    2.95000000E+02        8.50000000E+01        3.57222761E+01        2.16849324E+00    
    3.10000000E+02        8.50000000E+01        3.62339425E+01        2.56543289E+00    
   -5.00000000E+01        1.00000000E+02        3.56817952E+01        1.90529925E+00    
   -3.50000000E+01        1.00000000E+02        3.58602310E+01        2.34068488E+00    
   -2.00000000E+01        1.00000000E+02        3.60186712E+01        2.54928129E+00    
   -5.00000000E+00        1.00000000E+02        3.60010269E+01        2.56774146E+00    
    1.00000000E+01        1.00000000E+02        3.56934369E+01        2.47350524E+00    
    2.50000000E+01        1.00000000E+02        3.50980394E+01        2.31456660E+00    
    4.00000000E+01        1.00000000E+02        3.43301605E+01        2.07551541E+00    
    5.50000000E+01        1.00000000E+02        3.35435356E+01        1.72374422E+00    
    7.00000000E+01        1.00000000E+02        3.28436857E+01        1.29378162E+00    
    8.50000000E+01        1.00000000E+02        3.22539994E+01        9.58942965E-01    
    1.00000000E+02        1.00000000E+02        3.17499458E+01        9.63808726E-01    
    1.15000000E+02        1.00000000E+02        3.13215096E+01        1.22884983E+00    
    1.30000000E+02        1.00000000E+02        3.10101844E+01        1.56467503E+00    
    1.45000000E+02        1.00000000E+02        3.08974819E+01        1.94257540E+00    
    1.60000000E+02        1.00000000E+02        3.10610652E+01        2.33964339E+00    
    1.75000000E+02        1.00000000E+02        3.15301728E+01        2.67375281E+00    
    1.90000000E+02        1.00000000E+02        3.22623193E+01        2.85951253E+00    
    2.05000000E+02        1.00000000E+02        3.31468532E+01        2.85484715E+00    
    2.20000000E+02        1.00000000E+02        3.40318079E+01        2.65421333E+00    
    2.35000000E+02        1.00000000E+02        3.47676071E+01        2.26353381E+00    
    2.50000000E+02        1.00000000E+02        3.52568332E+01        1.70491710E+00    
    2.65000000E+02        1.00000000E+02        3.54915481E+01        1.08538429E+00    
    2.80000000E+02        1.00000000E+02        3.55561373E+01        8.37990256E-01    
    2.95000000E+02        1.00000000E+02        3.55840377E+01        1.30612109E+00    
    3.10000000E+02        1.00000000E+02        3.56817952E+01        1.90529925E+00    
   -5.00000000E+01        1.15000000E+02        3.34573891E+01        1.31675248E+00    
   -3.50000000E+01        1.15000000E+02        3.33538988E+01        1.67558661E+00    
   -2.00000000E+01        1.15000000E+02        3.32974026E+01        1.78070118E+00    
   -5.00000000E+00        1.15000000E+02        3.31182518E+01        1.70942261E+00    
    1.00000000E+01        1.15000000E+02        3.26944603E+01        1.61910393E+00    
    2.50000000E+01        1.15000000E+02        3.20375611E+01        1.62707594E+00    
    4.00000000E+01        1.15000000E+02        3.12866912E+01        1.68965406E+00    
    5.50000000E+01        1.15000000E+02        3.06169947E+01        1.68692383E+00    
    7.00000000E+01        1.15000000E+02        3.01355684E+01        1.56568008E+00    
    8.50000000E+01        1.15000000E+02        2.98431610E+01        1.36072782E+00    
    1.00000000E+02        1.15000000E+02        2.96794498E+01        1.12436333E+00    
    1.15000000E+02        1.15000000E+02        2.96019982E+01        8.84991805E-01    
    1.30000000E+02        1.15000000E+02        2.96327002E+01        8.07341689E-01    
    1.45000000E+02        1.15000000E+02        2.98438613E+01        1.16198208E+00    
    1.60000000E+02        1.15000000E+02        3.03047247E+01        1.75060347E+00    
    1.75000000E+02        1.15000000E+02        3.10284666E+01        2.28452838E+00    
    1.90000000E+02        1.15000000E+02        3.19471950E+01        2.60950462E+00    
    2.05000000E+02        1.15000000E+02        3.29209907E+01        2.67604629E+00    
    2.20000000E+02        1.15000000E+02        3.37742335E+01        2.50125048E+00    
    2.35000000E+02        1.15000000E+02        3.43484821E+01        2.12179767E+00    
    2.50000000E+02        1.15000000E+02        3.45576771E+01        1.56865205E+00    
    2.65000000E+02        1.15000000E+02        3.44254061E+01        8.85116562E-01    
    2.80000000E+02        1.15000000E+02        3.40819571E+01        2.76439222E-01    
    2.95000000E+02        1.15000000E+02        3.37103766E+01        7.36499054E-01    
    3.10000000E+02        1.15000000E+02        3.34573891E+01        1.31675248E+00    
   -5.00000000E+01        1.30000000E+02        2.98820234E+01        1.05333550E+00    
   -3.50000000E+01        1.30000000E+02        2.96059128E+01        1.13914102E+00    
   -2.00000000E+01        1.30000000E+02        2.94417739E+01        1.07554681E+00    
   -5.00000000E+00        1.30000000E+02        2.91887773E+01        8.73416291E-01    
    1.00000000E+01        1.30000000E+02        2.87095807E+01        7.30322997E-01    
    2.50000000E+01        1.30000000E+02        2.80291062E+01        8.78141764E-01    
    4.00000000E+01        1.30000000E+02        2.73216373E+01        1.15817356E+00    
    5.50000000E+01        1.30000000E+02        2.67960433E+01        1.34175286E+00    
    7.00000000E+01        1.30000000E+02        2.65685383E+01        1.34985882E+00    
    8.50000000E+01        1.30000000E+02        2.66171240E+01        1.20454836E+00    
    1.00000000E+02        1.30000000E+02        2.68384982E+01        9.46370920E-01    
    1.15000000E+02        1.30000000E+02        2.71465988E+01        5.58087474E-01    
    1.30000000E+02        1.30000000E+02        2.75324000E+01        1.00009977E-04    
    1.45000000E+02        1.30000000E+02        2.80508105E+01        6.92048541E-01    
    1.60000000E+02        1.30000000E+02        2.87593367E+01        1.38725793E+00    
    1.75000000E+02        1.30000000E+02        2.96568242E+01        1.92727802E+00    
    1.90000000E+02        1.30000000E+02        3.06559225E+01        2.20977565E+00    
    2.05000000E+02        1.30000000E+02        3.15965923E+01        2.23311531E+00    
    2.20000000E+02        1.30000000E+02        3.22913009E+01        2.08003749E+00    
    2.35000000E+02        1.30000000E+02        3.25868032E+01        1.84954983E+00    
    2.50000000E+02        1.30000000E+02        3.24239937E+01        1.58950470E+00    
    2.65000000E+02        1.30000000E+02        3.18727815E+01        1.30684916E+00    
    2.80000000E+02        1.30000000E+02        3.11192968E+01        1.05369348E+00    
    2.95000000E+02        1.30000000E+02        3.03969285E+01        9.62590123E-01    
    3.10000000E+02        1.30000000E+02        2.98820234E+01        1.05333550E+00    
   -5.00000000E+01        1.45000000E+02        2.58538197E+01        8.11907592E-01    
   -3.50000000E+01        1.45000000E+02        2.55164816E+01        6.68324841E-01    
   -2.00000000E+01        1.45000000E+02        2.53296143E+01        5.61785560E-01    
   -5.00000000E+00        1.45000000E+02        2.50526499E+01        3.78833114E-01    
    1.00000000E+01        1.45000000E+02        2.45334615E+01        1.00747785E-01    
    2.50000000E+01        1.45000000E+02        2.38180534E+01        2.62256605E-01    
    4.00000000E+01        1.45000000E+02        2.31269895E+01        5.77850213E-01    
    5.50000000E+01        1.45000000E+02        2.27138808E+01        7.74595555E-01    
    7.00000000E+01        1.45000000E+02        2.27122789E+01        8.02818619E-01    
    8.50000000E+01        1.45000000E+02        2.30810070E+01        7.06741970E-01    
    1.00000000E+02        1.45000000E+02        2.36718311E+01        5.83967053E-01    
    1.15000000E+02        1.45000000E+02        2.43483367E+01        4.98563551E-01    
    1.30000000E+02        1.45000000E+02        2.50617432E+01        6.00918415E-01    
    1.45000000E+02        1.45000000E+02        2.58423907E+01        9.91601108E-01    
    1.60000000E+02        1.45000000E+02        2.67337818E+01        1.45379593E+00    
    1.75000000E+02        1.45000000E+02        2.77243974E+01        1.76267783E+00    
    1.90000000E+02        1.45000000E+02        2.87167516E+01        1.80160820E+00    
    2.05000000E+02        1.45000000E+02        2.95430668E+01        1.60391926E+00    
    2.20000000E+02        1.45000000E+02        3.00167745E+01        1.36106780E+00    
    2.35000000E+02        1.45000000E+02        3.00011147E+01        1.30444385E+00    
    2.50000000E+02        1.45000000E+02        2.94720103E+01        1.40586806E+00    
    2.65000000E+02        1.45000000E+02        2.85489074E+01        1.44483066E+00    
    2.80000000E+02        1.45000000E+02        2.74703763E+01        1.31361186E+00    
    2.95000000E+02        1.45000000E+02        2.65091464E+01        1.05848291E+00    
    3.10000000E+02        1.45000000E+02        2.58538197E+01        8.11907592E-01    
   -5.00000000E+01        1.60000000E+02        2.25533357E+01        4.90006722E-01    
   -3.50000000E+01        1.60000000E+02        2.22629041E+01        1.69113104E-01    
   -2.00000000E+01        1.60000000E+02        2.21180950E+01        2.60416369E-01    
   -5.00000000E+00        1.60000000E+02        2.18394878E+01        3.70756855E-01    
    1.00000000E+01        1.60000000E+02        2.12663992E+01        3.43832538E-01    
    2.50000000E+01        1.60000000E+02        2.04731685E+01        2.02442608E-01    
    4.00000000E+01        1.60000000E+02        1.97327863E+01        1.32121532E-01    
    5.50000000E+01        1.60000000E+02        1.93495172E+01        2.40705315E-01    
    7.00000000E+01        1.60000000E+02        1.94815041E+01        2.49535365E-01    
    8.50000000E+01        1.60000000E+02        2.00764659E+01        1.99087889E-01    
    1.00000000E+02        1.60000000E+02        2.09472783E+01        3.09868919E-01    
    1.15000000E+02        1.60000000E+02        2.19085928E+01        5.11907441E-01    
    1.30000000E+02        1.60000000E+02        2.28690366E+01        7.90342142E-01    
    1.45000000E+02        1.60000000E+02        2.38307849E+01        1.17192242E+00    
    1.60000000E+02        1.60000000E+02        2.48232828E+01        1.53077914E+00    
    1.75000000E+02        1.60000000E+02        2.58305254E+01        1.67886247E+00    
    1.90000000E+02        1.60000000E+02        2.67559980E+01        1.49841210E+00    
    2.05000000E+02        1.60000000E+02        2.74373766E+01        1.00866442E+00    
    2.20000000E+02        1.60000000E+02        2.77003671E+01        4.41945560E-01    
    2.35000000E+02        1.60000000E+02        2.74308043E+01        6.37302804E-01    
    2.50000000E+02        1.60000000E+02        2.66385972E+01        1.11103457E+00    
    2.65000000E+02        1.60000000E+02        2.54839835E+01        1.32643710E+00    
    2.80000000E+02        1.60000000E+02        2.42423018E+01        1.23283002E+00    
    2.95000000E+02        1.60000000E+02        2.32053711E+01        9.07189116E-01    
    3.10000000E+02        1.60000000E+02        2.25533357E+01        4.90006722E-01    
   -5.00000000E+01        1.75000000E+02        2.09139948E+01        4.33671416E-01    
   -3.50000000E+01        1.75000000E+02        2.07530812E+01        2.58688735E-01    
   -2.00000000E+01        1.75000000E+02        2.06935280E+01        2.45376434E-01    
   -5.00000000E+00        1.75000000E+02        2.04264342E+01        2.96731840E-01    
    1.00000000E+01        1.75000000E+02        1.97908855E+01        3.31018959E-01    
    2.50000000E+01        1.75000000E+02        1.88913062E+01        2.76785515E-01    
    4.00000000E+01        1.75000000E+02        1.80487490E+01        1.48804194E-01    
    5.50000000E+01        1.75000000E+02        1.76136229E+01        6.54584276E-02    
    7.00000000E+01        1.75000000E+02        1.77703227E+01        6.54558025E-02    
    8.50000000E+01        1.75000000E+02        1.84646431E+01        8.49094887E-02    
    1.00000000E+02        1.75000000E+02        1.94829842E+01        1.61295324E-01    
    1.15000000E+02        1.75000000E+02        2.06009668E+01        2.84601865E-01    
    1.30000000E+02        1.75000000E+02        2.16895600E+01        5.97761208E-01    
    1.45000000E+02        1.75000000E+02        2.27248348E+01        1.05244912E+00    
    1.60000000E+02        1.75000000E+02        2.37255037E+01        1.45291477E+00    
    1.75000000E+02        1.75000000E+02        2.46783814E+01        1.60744942E+00    
    1.90000000E+02        1.75000000E+02        2.54987162E+01        1.41936897E+00    
    2.05000000E+02        1.75000000E+02        2.60406985E+01        9.42500617E-01    
    2.20000000E+02        1.75000000E+02        2.61494611E+01        4.93916438E-01    
    2.35000000E+02        1.75000000E+02        2.57333315E+01        7.41269468E-01    
    2.50000000E+02        1.75000000E+02        2.48274276E+01        1.12491089E+00    
    2.65000000E+02        1.75000000E+02        2.36161291E+01        1.24632374E+00    
    2.80000000E+02        1.75000000E+02        2.23898956E+01        1.08632331E+00    
    2.95000000E+02        1.75000000E+02        2.14375988E+01        7.58904350E-01    
    3.10000000E+02        1.75000000E+02        2.09139948E+01        4.33671416E-01    
   -5.00000000E+01        1.90000000E+02        2.12126861E+01        4.20825465E-01    
   -3.50000000E+01        1.90000000E+02        2.12045914E+01        4.93546404E-01    
   -2.00000000E+01        1.90000000E+02        2.12411586E+01        3.83202930E-01    
   -5.00000000E+00        1.90000000E+02        2.09994435E+01        1.28035178E-01    
    1.00000000E+01        1.90000000E+02        2.03252856E+01        1.28296381E-01    
    2.50000000E+01        1.90000000E+02        1.93464283E+01        2.61195369E-01    
    4.00000000E+01        1.90000000E+02        1.84146617E+01        2.41700776E-01    
    5.50000000E+01        1.90000000E+02        1.79087792E+01        1.20373874E-01    
    7.00000000E+01        1.90000000E+02        1.80313960E+01        3.87162182E-02    
    8.50000000E+01        1.90000000E+02        1.87315400E+01        1.65139676E-01    
    1.00000000E+02        1.90000000E+02        1.97831093E+01        1.87321345E-01    
    1.15000000E+02        1.90000000E+02        2.09379341E+01        1.55207862E-01    
    1.30000000E+02        1.90000000E+02        2.20408561E+01        4.91342705E-01    
    1.45000000E+02        1.90000000E+02        2.30494327E+01        9.82143436E-01    
    1.60000000E+02        1.90000000E+02        2.39778635E+01        1.39108805E+00    
    1.75000000E+02        1.90000000E+02        2.48227243E+01        1.54780870E+00    
    1.90000000E+02        1.90000000E+02        2.55184476E+01        1.39926680E+00    
    2.05000000E+02        1.90000000E+02        2.59413302E+01        1.07457886E+00    
    2.20000000E+02        1.90000000E+02        2.59567975E+01        9.16355750E-01    
    2.35000000E+02        1.90000000E+02        2.54898662E+01        1.08453127E+00    
    2.50000000E+02        1.90000000E+02        2.45883233E+01        1.23109813E+00    
    2.65000000E+02        1.90000000E+02        2.34434369E+01        1.12940505E+00    
    2.80000000E+02        1.90000000E+02        2.23426334E+01        7.98621252E-01    
    2.95000000E+02        1.90000000E+02        2.15577119E+01        4.49608792E-01    
    3.10000000E+02        1.90000000E+02        2.12126861E+01        4.20825465E-01    
   -5.00000000E+01        2.05000000E+02        2.30552556E+01        6.69529284E-01    
   -3.50000000E+01        2.05000000E+02        2.31463196E+01        8.77803070E-01    
   -2.00000000E+01        2.05000000E+02        2.32494726E+01        8.09320860E-01    
   -5.00000000E+00        2.05000000E+02        2.30446291E+01        5.69609776E-01    
    1.00000000E+01        2.05000000E+02        2.23874042E+01        3.55517053E-01    
    2.50000000E+01        2.05000000E+02        2.14144103E+01        2.83817916E-01    
    4.00000000E+01        2.05000000E+02        2.04813812E+01        2.38364185E-01    
    5.50000000E+01        2.05000000E+02        1.99681125E+01        1.94532299E-01    
    7.00000000E+01        2.05000000E+02        2.00790182E+01        2.50386962E-01    
    8.50000000E+01        2.05000000E+02        2.07656894E+01        3.37478459E-01    
    1.00000000E+02        2.05000000E+02        2.18011875E+01        3.74036757E-01    
    1.15000000E+02        2.05000000E+02        2.29299215E+01        4.46071913E-01    
    1.30000000E+02        2.05000000E+02        2.39852120E+01        7.33301078E-01    
    1.45000000E+02        2.05000000E+02        2.49163118E+01        1.13189222E+00    
    1.60000000E+02        2.05000000E+02        2.57390796E+01        1.42136370E+00    
    1.75000000E+02        2.05000000E+02        2.64630486E+01        1.44350576E+00    
    1.90000000E+02        2.05000000E+02        2.70423373E+01        1.17235943E+00    
    2.05000000E+02        2.05000000E+02        2.73726464E+01        7.89788356E-01    
    2.20000000E+02        2.05000000E+02        2.73333206E+01        7.58573558E-01    
    2.35000000E+02        2.05000000E+02        2.68564021E+01        1.04566549E+00    
    2.50000000E+02        2.05000000E+02        2.59909477E+01        1.16622421E+00    
    2.65000000E+02        2.05000000E+02        2.49245465E+01        9.62231201E-01    
    2.80000000E+02        2.05000000E+02        2.39350078E+01        5.05224841E-01    
    2.95000000E+02        2.05000000E+02        2.32775864E+01        2.79379729E-01    
    3.10000000E+02        2.05000000E+02        2.30552556E+01        6.69529284E-01    
   -5.00000000E+01        2.20000000E+02        2.56909560E+01        1.49224380E+00    
   -3.50000000E+01        2.20000000E+02        2.57763021E+01        1.60171647E+00    
   -2.00000000E+01        2.20000000E+02        2.58916285E+01        1.49180880E+00    
   -5.00000000E+00        2.20000000E+02        2.57314160E+01        1.19058763E+00    
    1.00000000E+01        2.20000000E+02        2.51580746E+01        7.94840933E-01    
    2.50000000E+01        2.20000000E+02        2.42986938E+01        3.83501556E-01    
    4.00000000E+01        2.20000000E+02        2.34849000E+01        1.00009977E-04    
    5.50000000E+01        2.20000000E+02        2.30700226E+01        3.07253489E-01    
    7.00000000E+01        2.20000000E+02        2.32430353E+01        4.73166369E-01    
    8.50000000E+01        2.20000000E+02        2.39553295E+01        4.50577146E-01    
    1.00000000E+02        2.20000000E+02        2.49884135E+01        2.68980998E-01    
    1.15000000E+02        2.20000000E+02        2.60940950E+01        3.67106597E-01    
    1.30000000E+02        2.20000000E+02        2.71079450E+01        8.39549595E-01    
    1.45000000E+02        2.20000000E+02        2.79795649E+01        1.29096263E+00    
    1.60000000E+02        2.20000000E+02        2.87287247E+01        1.52681825E+00    
    1.75000000E+02        2.20000000E+02        2.93742297E+01        1.42616723E+00    
    1.90000000E+02        2.20000000E+02        2.98815014E+01        9.76703457E-01    
    2.05000000E+02        2.20000000E+02        3.01542457E+01        2.88104437E-01    
    2.20000000E+02        2.20000000E+02        3.00734852E+01        4.60671126E-01    
    2.35000000E+02        2.20000000E+02        2.95678020E+01        1.04518153E+00    
    2.50000000E+02        2.20000000E+02        2.86814090E+01        1.33699990E+00    
    2.65000000E+02        2.20000000E+02        2.75985223E+01        1.33723621E+00    
    2.80000000E+02        2.20000000E+02        2.65951023E+01        1.23265008E+00    
    2.95000000E+02        2.20000000E+02        2.59249517E+01        1.28959990E+00    
    3.10000000E+02        2.20000000E+02        2.56909560E+01        1.49224380E+00    
   -5.00000000E+01        2.35000000E+02        2.83469705E+01        2.33587626E+00    
   -3.50000000E+01        2.35000000E+02        2.83387946E+01        2.34853549E+00    
   -2.00000000E+01        2.35000000E+02        2.84334516E+01        2.17753205E+00    
   -5.00000000E+00        2.35000000E+02        2.83398843E+01        1.81341693E+00    
    1.00000000E+01        2.35000000E+02        2.79168386E+01        1.30802180E+00    
    2.50000000E+01        2.35000000E+02        2.72635750E+01        7.58725757E-01    
    4.00000000E+01        2.35000000E+02        2.66665461E+01        4.23139005E-01    
    5.50000000E+01        2.35000000E+02        2.64350408E+01        6.08499285E-01    
    7.00000000E+01        2.35000000E+02        2.67335591E+01        7.91795722E-01    
    8.50000000E+01        2.35000000E+02        2.75145438E+01        7.26587961E-01    
    1.00000000E+02        2.35000000E+02        2.85773199E+01        4.61533106E-01    
    1.15000000E+02        2.35000000E+02        2.96937010E+01        5.36480074E-01    
    1.30000000E+02        2.35000000E+02        3.07119390E+01        1.09486557E+00    
    1.45000000E+02        2.35000000E+02        3.15862580E+01        1.62405575E+00    
    1.60000000E+02        2.35000000E+02        3.23368471E+01        1.90454234E+00    
    1.75000000E+02        2.35000000E+02        3.29812094E+01        1.84065372E+00    
    1.90000000E+02        2.35000000E+02        3.34808112E+01        1.47381209E+00    
    2.05000000E+02        2.35000000E+02        3.37309058E+01        1.05215274E+00    
    2.20000000E+02        2.35000000E+02        3.36004945E+01        1.06387246E+00    
    2.35000000E+02        2.35000000E+02        3.30074452E+01        1.47107621E+00    
    2.50000000E+02        2.35000000E+02        3.19928161E+01        1.83467399E+00    
    2.65000000E+02        2.35000000E+02        3.07485831E+01        2.02748273E+00    
    2.80000000E+02        2.35000000E+02        2.95676621E+01        2.12233101E+00    
    2.95000000E+02        2.35000000E+02        2.87253147E+01        2.22599283E+00    
    3.10000000E+02        2.35000000E+02        2.83469705E+01        2.33587626E+00    
   -5.00000000E+01        2.50000000E+02        3.03712424E+01        2.77106194E+00    
   -3.50000000E+01        2.50000000E+02        3.02779071E+01        2.73985222E+00    
   -2.00000000E+01        2.50000000E+02        3.03999578E+01        2.55636303E+00    
   -5.00000000E+00        2.50000000E+02        3.04454091E+01        2.19011025E+00    
    1.00000000E+01        2.50000000E+02        3.02512528E+01        1.65829872E+00    
    2.50000000E+01        2.50000000E+02        2.98731428E+01        1.05942408E+00    
    4.00000000E+01        2.50000000E+02        2.95423566E+01        6.95202842E-01    
    5.50000000E+01        2.50000000E+02        2.95212240E+01        8.82470368E-01    
    7.00000000E+01        2.50000000E+02        2.99534431E+01        1.15894684E+00    
    8.50000000E+01        2.50000000E+02        3.08011332E+01        1.25092807E+00    
    1.00000000E+02        2.50000000E+02        3.18925639E+01        1.24223389E+00    
    1.15000000E+02        2.50000000E+02        3.30300496E+01        1.40483184E+00    
    1.30000000E+02        2.50000000E+02        3.40810358E+01        1.82824662E+00    
    1.45000000E+02        2.50000000E+02        3.50043340E+01        2.29073437E+00    
    1.60000000E+02        2.50000000E+02        3.58131947E+01        2.56269185E+00    
    1.75000000E+02        2.50000000E+02        3.65105574E+01        2.53137395E+00    
    1.90000000E+02        2.50000000E+02        3.70380070E+01        2.22179105E+00    
    2.05000000E+02        2.50000000E+02        3.72679719E+01        1.80918732E+00    
    2.20000000E+02        2.50000000E+02        3.70488126E+01        1.59759362E+00    
    2.35000000E+02        2.50000000E+02        3.62879455E+01        1.75603088E+00    
    2.50000000E+02        2.50000000E+02        3.50334871E+01        2.08487773E+00    
    2.65000000E+02        2.50000000E+02        3.35036919E+01        2.37463225E+00    
    2.80000000E+02        2.50000000E+02        3.20310045E+01        2.57355680E+00    
    2.95000000E+02        2.50000000E+02        3.09329919E+01        2.70331410E+00    
    3.10000000E+02        2.50000000E+02        3.03712424E+01        2.77106194E+00    
   -5.00000000E+01        2.65000000E+02        3.12439031E+01        2.57257947E+00    
   -3.50000000E+01        2.65000000E+02        3.12167221E+01        2.54287310E+00    
   -2.00000000E+01        2.65000000E+02        3.15318706E+01        2.40646956E+00    
   -5.00000000E+00        2.65000000E+02        3.18676300E+01        2.10204524E+00    
    1.00000000E+01        2.65000000E+02        3.20157818E+01        1.59488540E+00    
    2.50000000E+01        2.65000000E+02        3.19761638E+01        9.39273645E-01    
    4.00000000E+01        2.65000000E+02        3.19252372E+01        4.86649027E-01    
    5.50000000E+01        2.65000000E+02        3.20882495E+01        8.95508238E-01    
    7.00000000E+01        2.65000000E+02        3.26024506E+01        1.41115712E+00    
    8.50000000E+01        2.65000000E+02        3.34540911E+01        1.75437497E+00    
    1.00000000E+02        2.65000000E+02        3.45123459E+01        1.98646354E+00    
    1.15000000E+02        2.65000000E+02        3.56181434E+01        2.25747776E+00    
    1.30000000E+02        2.65000000E+02        3.66614360E+01        2.62812514E+00    
    1.45000000E+02        2.65000000E+02        3.76035694E+01        2.99450144E+00    
    1.60000000E+02        2.65000000E+02        3.84439515E+01        3.19309483E+00    
    1.75000000E+02        2.65000000E+02        3.91612857E+01        3.11291002E+00    
    1.90000000E+02        2.65000000E+02        3.96681898E+01        2.74262511E+00    
    2.05000000E+02        2.65000000E+02        3.98094462E+01        2.18313054E+00    
    2.20000000E+02        2.65000000E+02        3.94150782E+01        1.66161119E+00    
    2.35000000E+02        2.65000000E+02        3.83925572E+01        1.50146862E+00    
    2.50000000E+02        2.65000000E+02        3.68144690E+01        1.75420156E+00    
    2.65000000E+02        2.65000000E+02        3.49459347E+01        2.11370578E+00    
    2.80000000E+02        2.65000000E+02        3.31771801E+01        2.38296162E+00    
    2.95000000E+02        2.65000000E+02        3.18781009E+01        2.52591514E+00    
    3.10000000E+02        2.65000000E+02        3.12439031E+01        2.57257947E+00    
   -5.00000000E+01        2.80000000E+02        3.06449974E+01        1.80634140E+00    
   -3.50000000E+01        2.80000000E+02        3.09593962E+01        1.80523956E+00    
   -2.00000000E+01        2.80000000E+02        3.17310177E+01        1.78323406E+00    
   -5.00000000E+00        2.80000000E+02        3.25739133E+01        1.62170684E+00    
    1.00000000E+01        2.80000000E+02        3.32112210E+01        1.22407070E+00    
    2.50000000E+01        2.80000000E+02        3.35794286E+01        5.98280427E-01    
    4.00000000E+01        2.80000000E+02        3.38076896E+01        2.98537774E-01    
    5.50000000E+01        2.80000000E+02        3.41009733E+01        1.03764061E+00    
    7.00000000E+01        2.80000000E+02        3.46088711E+01        1.69599238E+00    
    8.50000000E+01        2.80000000E+02        3.53571636E+01        2.17587661E+00    
    1.00000000E+02        2.80000000E+02        3.62659141E+01        2.51883232E+00    
    1.15000000E+02        2.80000000E+02        3.72196327E+01        2.82593918E+00    
    1.30000000E+02        2.80000000E+02        3.81319141E+01        3.15245839E+00    
    1.45000000E+02        2.80000000E+02        3.89651457E+01        3.44235317E+00    
    1.60000000E+02        2.80000000E+02        3.97022965E+01        3.57188957E+00    
    1.75000000E+02        2.80000000E+02        4.02963829E+01        3.43378199E+00    
    1.90000000E+02        2.80000000E+02        4.06334339E+01        2.98950277E+00    
    2.05000000E+02        2.80000000E+02        4.05389316E+01        2.28517172E+00    
    2.20000000E+02        2.80000000E+02        3.98393752E+01        1.45699505E+00    
    2.35000000E+02        2.80000000E+02        3.84618368E+01        8.20039830E-01    
    2.50000000E+02        2.80000000E+02        3.65238681E+01        9.46751414E-01    
    2.65000000E+02        2.80000000E+02        3.43539192E+01        1.40101127E+00    
    2.80000000E+02        2.80000000E+02        3.24074341E+01        1.70121500E+00    
    2.95000000E+02        2.80000000E+02        3.11013089E+01        1.80449464E+00    
    3.10000000E+02        2.80000000E+02        3.06449974E+01        1.80634140E+00    
   -5.00000000E+01        2.95000000E+02        2.86433367E+01        8.08833416E-01    
   -3.50000000E+01        2.95000000E+02        2.96070077E+01        8.84716149E-01    
   -2.00000000E+01        2.95000000E+02        3.11082444E+01        1.09229004E+00    
   -5.00000000E+00        2.95000000E+02        3.26689919E+01        1.18334287E+00    
    1.00000000E+01        2.95000000E+02        3.39283966E+01        1.08107702E+00    
    2.50000000E+01        2.95000000E+02        3.47589021E+01        9.56194891E-01    
    4.00000000E+01        2.95000000E+02        3.52537385E+01        1.15995897E+00    
    5.50000000E+01        2.95000000E+02        3.56147954E+01        1.65294663E+00    
    7.00000000E+01        2.95000000E+02        3.60201669E+01        2.15089687E+00    
    8.50000000E+01        2.95000000E+02        3.65460049E+01        2.51851337E+00    
    1.00000000E+02        2.95000000E+02        3.71682045E+01        2.76581199E+00    
    1.15000000E+02        2.95000000E+02        3.78158710E+01        2.98350024E+00    
    1.30000000E+02        2.95000000E+02        3.84259124E+01        3.23785147E+00    
    1.45000000E+02        2.95000000E+02        3.89622305E+01        3.48749570E+00    
    1.60000000E+02        2.95000000E+02        3.93944003E+01        3.60830348E+00    
    1.75000000E+02        2.95000000E+02        3.96570966E+01        3.47890245E+00    
    1.90000000E+02        2.95000000E+02        3.96227972E+01        3.04180541E+00    
    2.05000000E+02        2.95000000E+02        3.91165267E+01        2.32372600E+00    
    2.20000000E+02        2.95000000E+02        3.79838512E+01        1.42800595E+00    
    2.35000000E+02        2.95000000E+02        3.61935365E+01        5.11032752E-01    
    2.50000000E+02        2.95000000E+02        3.39243738E+01        3.00473753E-01    
    2.65000000E+02        2.95000000E+02        3.15739759E+01        8.10223809E-01    
    2.80000000E+02        2.95000000E+02        2.96559394E+01        1.00765124E+00    
    2.95000000E+02        2.95000000E+02        2.86144228E+01        9.39213480E-01    
    3.10000000E+02        2.95000000E+02        2.86433367E+01        8.08833416E-01    
   -5.00000000E+01        3.10000000E+02        2.58505000E+01        1.00009977E-04    
   -3.50000000E+01        3.10000000E+02        2.76694485E+01        4.74602710E-01    
   -2.00000000E+01        3.10000000E+02        3.00559735E+01        8.41277480E-01    
   -5.00000000E+00        3.10000000E+02        3.24319576E+01        1.04726380E+00    
    1.00000000E+01        3.10000000E+02        3.43536458E+01        1.17139667E+00    
    2.50000000E+01        3.10000000E+02        3.56380964E+01        1.39163512E+00    
    4.00000000E+01        3.10000000E+02        3.63554391E+01        1.77490410E+00    
    5.50000000E+01        3.10000000E+02        3.67168417E+01        2.19685617E+00    
    7.00000000E+01        3.10000000E+02        3.69368385E+01        2.50485404E+00    
    8.50000000E+01        3.10000000E+02        3.71440654E+01        2.62936754E+00    
    1.00000000E+02        3.10000000E+02        3.73680627E+01        2.61995939E+00    
    1.15000000E+02        3.10000000E+02        3.75792075E+01        2.62702024E+00    
    1.30000000E+02        3.10000000E+02        3.77362983E+01        2.78255994E+00    
    1.45000000E+02        3.10000000E+02        3.78072278E+01        3.04800388E+00    
    1.60000000E+02        3.10000000E+02        3.77556431E+01        3.24616040E+00    
    1.75000000E+02        3.10000000E+02        3.75108559E+01        3.20887935E+00    
    1.90000000E+02        3.10000000E+02        3.69499986E+01        2.85939407E+00    
    2.05000000E+02        3.10000000E+02        3.59191689E+01        2.23016421E+00    
    2.20000000E+02        3.10000000E+02        3.43038077E+01        1.45644696E+00    
    2.35000000E+02        3.10000000E+02        3.21289105E+01        7.87289085E-01    
    2.50000000E+02        3.10000000E+02        2.96377101E+01        6.26988541E-01    
    2.65000000E+02        3.10000000E+02        2.72866395E+01        7.78847431E-01    
    2.80000000E+02        3.10000000E+02        2.56254276E+01        7.43788566E-01    
    2.95000000E+02        3.10000000E+02        2.50969254E+01        4.53487882E-01    
    3.10000000E+02        3.10000000E+02        2.58505000E+01        1.00009977E-04    
