Model dump (x mu nu), grid of 25x25=625 pts
Model parameter values (noise variance lengthscales [periods]): (1e-12, 57.12698717974757, [360.0, 1.0], [57.12698717974757, 0.6305254444312381])
   -5.00000000E+01       -5.00000000E+01        2.58505000E+01        1.00009977E-04    
   -3.50000000E+01       -5.00000000E+01        2.82100949E+01        4.93968641E-01    
   -2.00000000E+01       -5.00000000E+01        3.10735849E+01        8.69878302E-01    
   -5.00000000E+00       -5.00000000E+01        3.35623231E+01        1.06595772E+00    
    1.00000000E+01       -5.00000000E+01        3.51002846E+01        1.16300784E+00    
    2.50000000E+01       -5.00000000E+01        3.56344428E+01        1.34873497E+00    
    4.00000000E+01       -5.00000000E+01        3.55739139E+01        1.71027773E+00    
    5.50000000E+01       -5.00000000E+01        3.54986895E+01        2.13708396E+00    
    7.00000000E+01       -5.00000000E+01        3.58093863E+01        2.46428644E+00    
    8.50000000E+01       -5.00000000E+01        3.65143090E+01        2.57412246E+00    
    1.00000000E+02       -5.00000000E+01        3.72662618E+01        2.43205073E+00    
    1.15000000E+02       -5.00000000E+01        3.76138787E+01        2.08682219E+00    
    1.30000000E+02       -5.00000000E+01        3.73039177E+01        1.63925457E+00    
    1.45000000E+02       -5.00000000E+01        3.64413929E+01        1.22828482E+00    
    1.60000000E+02       -5.00000000E+01        3.54076820E+01        1.06424653E+00    
    1.75000000E+02       -5.00000000E+01        3.45949841E+01        1.21750718E+00    
    1.90000000E+02       -5.00000000E+01        3.41331362E+01        1.39850345E+00    
    2.05000000E+02       -5.00000000E+01        3.37867169E+01        1.35206700E+00    
    2.20000000E+02       -5.00000000E+01        3.30937259E+01        1.03082501E+00    
    2.35000000E+02       -5.00000000E+01        3.16727742E+01        6.14962508E-01    
    2.50000000E+02       -5.00000000E+01        2.95229884E+01        5.53180558E-01    
    2.65000000E+02       -5.00000000E+01        2.71318200E+01        7.47615152E-01    
    2.80000000E+02       -5.00000000E+01        2.53028576E+01        7.43942810E-01    
    2.95000000E+02       -5.00000000E+01        2.47768133E+01        4.64683042E-01    
    3.10000000E+02       -5.00000000E+01        2.58505000E+01        1.00009977E-04    
   -5.00000000E+01       -3.50000000E+01        2.36720938E+01        3.53156654E-01    
   -3.50000000E+01       -3.50000000E+01        2.68753016E+01        5.86192097E-01    
   -2.00000000E+01       -3.50000000E+01        3.04033711E+01        6.71836509E-01    
   -5.00000000E+00       -3.50000000E+01        3.33072740E+01        6.81847942E-01    
    1.00000000E+01       -3.50000000E+01        3.50126786E+01        9.23240286E-01    
    2.50000000E+01       -3.50000000E+01        3.55295805E+01        1.42107312E+00    
    4.00000000E+01       -3.50000000E+01        3.53606270E+01        1.94732805E+00    
    5.50000000E+01       -3.50000000E+01        3.51726452E+01        2.33989788E+00    
    7.00000000E+01       -3.50000000E+01        3.54189447E+01        2.50140100E+00    
    8.50000000E+01       -3.50000000E+01        3.61175279E+01        2.37924493E+00    
    1.00000000E+02       -3.50000000E+01        3.68946522E+01        1.98578499E+00    
    1.15000000E+02       -3.50000000E+01        3.72488490E+01        1.43926553E+00    
    1.30000000E+02       -3.50000000E+01        3.68652157E+01        1.02984002E+00    
    1.45000000E+02       -3.50000000E+01        3.57876772E+01        1.11735199E+00    
    1.60000000E+02       -3.50000000E+01        3.43531590E+01        1.47809408E+00    
    1.75000000E+02       -3.50000000E+01        3.29454899E+01        1.74212401E+00    
    1.90000000E+02       -3.50000000E+01        3.17377420E+01        1.75509097E+00    
    2.05000000E+02       -3.50000000E+01        3.05912893E+01        1.48065346E+00    
    2.20000000E+02       -3.50000000E+01        2.91777895E+01        9.99078874E-01    
    2.35000000E+02       -3.50000000E+01        2.72545113E+01        5.51661612E-01    
    2.50000000E+02       -3.50000000E+01        2.49277576E+01        5.11279860E-01    
    2.65000000E+02       -3.50000000E+01        2.27316266E+01        6.05229334E-01    
    2.80000000E+02       -3.50000000E+01        2.14424331E+01        4.99824767E-01    
    2.95000000E+02       -3.50000000E+01        2.17046919E+01        2.72245521E-01    
    3.10000000E+02       -3.50000000E+01        2.36720938E+01        3.53156654E-01    
   -5.00000000E+01       -2.00000000E+01        2.25803991E+01        5.14682615E-01    
   -3.50000000E+01       -2.00000000E+01        2.62345515E+01        6.55860655E-01    
   -2.00000000E+01       -2.00000000E+01        2.99781400E+01        5.23651412E-01    
   -5.00000000E+00       -2.00000000E+01        3.28566700E+01        1.20270592E-01    
    1.00000000E+01       -2.00000000E+01        3.43465718E+01        5.46807365E-01    
    2.50000000E+01       -2.00000000E+01        3.45456548E+01        1.21780191E+00    
    4.00000000E+01       -2.00000000E+01        3.40529714E+01        1.78084127E+00    
    5.50000000E+01       -2.00000000E+01        3.36120886E+01        2.13335397E+00    
    7.00000000E+01       -2.00000000E+01        3.37155738E+01        2.21794905E+00    
    8.50000000E+01       -2.00000000E+01        3.43808806E+01        1.99639366E+00    
    1.00000000E+02       -2.00000000E+01        3.52033355E+01        1.46182211E+00    
    1.15000000E+02       -2.00000000E+01        3.56324190E+01        6.78883404E-01    
    1.30000000E+02       -2.00000000E+01        3.52954134E+01        3.09016757E-01    
    1.45000000E+02       -2.00000000E+01        3.41781033E+01        1.13863159E+00    
    1.60000000E+02       -2.00000000E+01        3.25720950E+01        1.78000452E+00    
    1.75000000E+02       -2.00000000E+01        3.08475064E+01        2.08395547E+00    
    1.90000000E+02       -2.00000000E+01        2.92120244E+01        2.00135395E+00    
    2.05000000E+02       -2.00000000E+01        2.76125623E+01        1.57581285E+00    
    2.20000000E+02       -2.00000000E+01        2.58383500E+01        9.46781021E-01    
    2.35000000E+02       -2.00000000E+01        2.37597910E+01        3.21934926E-01    
    2.50000000E+02       -2.00000000E+01        2.15522494E+01        1.53713479E-01    
    2.65000000E+02       -2.00000000E+01        1.97491220E+01        2.78692355E-01    
    2.80000000E+02       -2.00000000E+01        1.90548422E+01        1.48061080E-01    
    2.95000000E+02       -2.00000000E+01        1.99926166E+01        2.18663137E-01    
    3.10000000E+02       -2.00000000E+01        2.25803991E+01        5.14682615E-01    
   -5.00000000E+01       -5.00000000E+00        2.29314279E+01        4.63605860E-01    
   -3.50000000E+01       -5.00000000E+00        2.65210296E+01        6.04458856E-01    
   -2.00000000E+01       -5.00000000E+00        2.99502826E+01        6.31779511E-01    
   -5.00000000E+00       -5.00000000E+00        3.23325241E+01        6.10551707E-01    
    1.00000000E+01       -5.00000000E+00        3.32398650E+01        7.59356582E-01    
    2.50000000E+01       -5.00000000E+00        3.28675145E+01        1.07893693E+00    
    4.00000000E+01       -5.00000000E+00        3.18918939E+01        1.39243516E+00    
    5.50000000E+01       -5.00000000E+00        3.11011279E+01        1.61627083E+00    
    7.00000000E+01       -5.00000000E+00        3.09983556E+01        1.71663302E+00    
    8.50000000E+01       -5.00000000E+00        3.15868441E+01        1.63246856E+00    
    1.00000000E+02       -5.00000000E+00        3.24360382E+01        1.30716712E+00    
    1.15000000E+02       -5.00000000E+00        3.29661772E+01        8.30696515E-01    
    1.30000000E+02       -5.00000000E+00        3.27722879E+01        8.02738356E-01    
    1.45000000E+02       -5.00000000E+00        3.18029207E+01        1.42505794E+00    
    1.60000000E+02       -5.00000000E+00        3.03126206E+01        2.01864969E+00    
    1.75000000E+02       -5.00000000E+00        2.86501297E+01        2.30262348E+00    
    1.90000000E+02       -5.00000000E+00        2.70352725E+01        2.19522948E+00    
    2.05000000E+02       -5.00000000E+00        2.54663052E+01        1.75325663E+00    
    2.20000000E+02       -5.00000000E+00        2.38067902E+01        1.14313099E+00    
    2.35000000E+02       -5.00000000E+00        2.19898989E+01        5.76598517E-01    
    2.50000000E+02       -5.00000000E+00        2.02058988E+01        2.25402651E-01    
    2.65000000E+02       -5.00000000E+00        1.89372602E+01        1.08858150E-01    
    2.80000000E+02       -5.00000000E+00        1.87830001E+01        1.05173005E-01    
    2.95000000E+02       -5.00000000E+00        2.01420012E+01        2.67191668E-01    
    3.10000000E+02       -5.00000000E+00        2.29314279E+01        4.63605860E-01    
   -5.00000000E+01        1.00000000E+01        2.46174833E+01        1.08405136E-01    
   -3.50000000E+01        1.00000000E+01        2.77145384E+01        4.59151874E-01    
   -2.00000000E+01        1.00000000E+01        3.04386822E+01        8.50501711E-01    
   -5.00000000E+00        1.00000000E+01        3.20270832E+01        1.12619527E+00    
    1.00000000E+01        1.00000000E+01        3.21707808E+01        1.23371019E+00    
    2.50000000E+01        1.00000000E+01        3.11497312E+01        1.16308060E+00    
    4.00000000E+01        1.00000000E+01        2.96789293E+01        9.65115601E-01    
    5.50000000E+01        1.00000000E+01        2.85441516E+01        8.65672307E-01    
    7.00000000E+01        1.00000000E+01        2.82228852E+01        1.07988690E+00    
    8.50000000E+01        1.00000000E+01        2.86913290E+01        1.35658401E+00    
    1.00000000E+02        1.00000000E+01        2.95063594E+01        1.42402864E+00    
    1.15000000E+02        1.00000000E+01        3.00918872E+01        1.26375186E+00    
    1.30000000E+02        1.00000000E+01        3.00506627E+01        1.17546041E+00    
    1.45000000E+02        1.00000000E+01        2.93274500E+01        1.49457399E+00    
    1.60000000E+02        1.00000000E+01        2.81563142E+01        1.96723023E+00    
    1.75000000E+02        1.00000000E+01        2.68596015E+01        2.23271442E+00    
    1.90000000E+02        1.00000000E+01        2.56434905E+01        2.14376466E+00    
    2.05000000E+02        1.00000000E+01        2.45157395E+01        1.74113865E+00    
    2.20000000E+02        1.00000000E+01        2.33628503E+01        1.18855471E+00    
    2.35000000E+02        1.00000000E+01        2.21268049E+01        6.63477594E-01    
    2.50000000E+02        1.00000000E+01        2.09636474E+01        2.51078097E-01    
    2.65000000E+02        1.00000000E+01        2.02690764E+01        9.00095849E-02    
    2.80000000E+02        1.00000000E+01        2.05234348E+01        2.53700450E-01    
    2.95000000E+02        1.00000000E+01        2.20181268E+01        2.29778077E-01    
    3.10000000E+02        1.00000000E+01        2.46174833E+01        1.08405136E-01    
   -5.00000000E+01        2.50000000E+01        2.72325051E+01        5.49903135E-01    
   -3.50000000E+01        2.50000000E+01        2.96379912E+01        5.77682890E-01    
   -2.00000000E+01        2.50000000E+01        3.15391448E+01        9.88343324E-01    
   -5.00000000E+00        2.50000000E+01        3.23191258E+01        1.35272437E+00    
    1.00000000E+01        2.50000000E+01        3.17816124E+01        1.48784248E+00    
    2.50000000E+01        2.50000000E+01        3.02581847E+01        1.32306493E+00    
    4.00000000E+01        2.50000000E+01        2.84530142E+01        8.50201716E-01    
    5.50000000E+01        2.50000000E+01        2.70998473E+01        1.46938978E-01    
    7.00000000E+01        2.50000000E+01        2.66162690E+01        6.15544496E-01    
    8.50000000E+01        2.50000000E+01        2.69424133E+01        1.21445563E+00    
    1.00000000E+02        2.50000000E+01        2.76396819E+01        1.47001614E+00    
    1.15000000E+02        2.50000000E+01        2.81714051E+01        1.33663229E+00    
    1.30000000E+02        2.50000000E+01        2.81903879E+01        1.01525471E+00    
    1.45000000E+02        2.50000000E+01        2.76741669E+01        1.04395748E+00    
    1.60000000E+02        2.50000000E+01        2.68576494E+01        1.46682508E+00    
    1.75000000E+02        2.50000000E+01        2.60378941E+01        1.76164935E+00    
    1.90000000E+02        2.50000000E+01        2.53883253E+01        1.69879423E+00    
    2.05000000E+02        2.50000000E+01        2.48915915E+01        1.30768979E+00    
    2.20000000E+02        2.50000000E+01        2.44152644E+01        7.73875243E-01    
    2.35000000E+02        2.50000000E+01        2.38706698E+01        3.68213262E-01    
    2.50000000E+02        2.50000000E+01        2.33512895E+01        4.32922463E-01    
    2.65000000E+02        2.50000000E+01        2.31550902E+01        6.81452468E-01    
    2.80000000E+02        2.50000000E+01        2.36533952E+01        8.33707323E-01    
    2.95000000E+02        2.50000000E+01        2.50601592E+01        7.77650314E-01    
    3.10000000E+02        2.50000000E+01        2.72325051E+01        5.49903135E-01    
   -5.00000000E+01        4.00000000E+01        3.02669776E+01        1.28240486E+00    
   -3.50000000E+01        4.00000000E+01        3.20116901E+01        1.01284488E+00    
   -2.00000000E+01        4.00000000E+01        3.32223373E+01        1.00564529E+00    
   -5.00000000E+00        4.00000000E+01        3.34162662E+01        1.23503165E+00    
    1.00000000E+01        4.00000000E+01        3.24795898E+01        1.43026863E+00    
    2.50000000E+01        4.00000000E+01        3.07527107E+01        1.42132327E+00    
    4.00000000E+01        4.00000000E+01        2.88827227E+01        1.16613907E+00    
    5.50000000E+01        4.00000000E+01        2.75120437E+01        8.30719443E-01    
    7.00000000E+01        4.00000000E+01        2.69747987E+01        8.87126095E-01    
    8.50000000E+01        4.00000000E+01        2.71715106E+01        1.26034969E+00    
    1.00000000E+02        4.00000000E+01        2.76830302E+01        1.44850923E+00    
    1.15000000E+02        4.00000000E+01        2.80394094E+01        1.24560025E+00    
    1.30000000E+02        4.00000000E+01        2.79753718E+01        6.74764865E-01    
    1.45000000E+02        4.00000000E+01        2.75303367E+01        1.93631423E-01    
    1.60000000E+02        4.00000000E+01        2.69603269E+01        8.23478907E-01    
    1.75000000E+02        4.00000000E+01        2.65440361E+01        1.18953103E+00    
    1.90000000E+02        4.00000000E+01        2.64140327E+01        1.11739910E+00    
    2.05000000E+02        4.00000000E+01        2.65076334E+01        6.57995761E-01    
    2.20000000E+02        4.00000000E+01        2.66489000E+01        1.00010084E-04    
    2.35000000E+02        4.00000000E+01        2.66997432E+01        6.41032540E-01    
    2.50000000E+02        4.00000000E+01        2.66865656E+01        1.13503301E+00    
    2.65000000E+02        4.00000000E+01        2.68225854E+01        1.45695865E+00    
    2.80000000E+02        4.00000000E+01        2.73979000E+01        1.60156487E+00    
    2.95000000E+02        4.00000000E+01        2.85845876E+01        1.53669074E+00    
    3.10000000E+02        4.00000000E+01        3.02669776E+01        1.28240486E+00    
   -5.00000000E+01        5.50000000E+01        3.31790849E+01        1.79516395E+00    
   -3.50000000E+01        5.50000000E+01        3.44152057E+01        1.35580886E+00    
   -2.00000000E+01        5.50000000E+01        3.51800647E+01        8.83765850E-01    
   -5.00000000E+00        5.50000000E+01        3.50921530E+01        7.45766247E-01    
    1.00000000E+01        5.50000000E+01        3.40803083E+01        1.06444083E+00    
    2.50000000E+01        5.50000000E+01        3.24558384E+01        1.36118693E+00    
    4.00000000E+01        5.50000000E+01        3.07789269E+01        1.40943925E+00    
    5.50000000E+01        5.50000000E+01        2.95821543E+01        1.24024957E+00    
    7.00000000E+01        5.50000000E+01        2.91092349E+01        1.10080390E+00    
    8.50000000E+01        5.50000000E+01        2.92234137E+01        1.20059896E+00    
    1.00000000E+02        5.50000000E+01        2.95330141E+01        1.33235077E+00    
    1.15000000E+02        5.50000000E+01        2.96455153E+01        1.23633935E+00    
    1.30000000E+02        5.50000000E+01        2.93897998E+01        9.21249631E-01    
    1.45000000E+02        5.50000000E+01        2.88807697E+01        7.63741049E-01    
    1.60000000E+02        5.50000000E+01        2.84089617E+01        1.01194956E+00    
    1.75000000E+02        5.50000000E+01        2.82439738E+01        1.19010040E+00    
    1.90000000E+02        5.50000000E+01        2.84786121E+01        1.03737989E+00    
    2.05000000E+02        5.50000000E+01        2.89975902E+01        6.82130078E-01    
    2.20000000E+02        5.50000000E+01        2.95715216E+01        7.73083461E-01    
    2.35000000E+02        5.50000000E+01        3.00096830E+01        1.30795761E+00    
    2.50000000E+02        5.50000000E+01        3.02826660E+01        1.76942499E+00    
    2.65000000E+02        5.50000000E+01        3.05460191E+01        2.04610413E+00    
    2.80000000E+02        5.50000000E+01        3.10451428E+01        2.14731119E+00    
    2.95000000E+02        5.50000000E+01        3.19450219E+01        2.06902381E+00    
    3.10000000E+02        5.50000000E+01        3.31790849E+01        1.79516395E+00    
   -5.00000000E+01        7.00000000E+01        3.53839360E+01        1.94539138E+00    
   -3.50000000E+01        7.00000000E+01        3.62595573E+01        1.53111063E+00    
   -2.00000000E+01        7.00000000E+01        3.67871195E+01        8.80555388E-01    
   -5.00000000E+00        7.00000000E+01        3.66477240E+01        7.81744073E-02    
    1.00000000E+01        7.00000000E+01        3.57778779E+01        7.04914710E-01    
    2.50000000E+01        7.00000000E+01        3.44376327E+01        1.26746691E+00    
    4.00000000E+01        7.00000000E+01        3.30940677E+01        1.46428169E+00    
    5.50000000E+01        7.00000000E+01        3.21762157E+01        1.28199859E+00    
    7.00000000E+01        7.00000000E+01        3.18484980E+01        8.97773948E-01    
    8.50000000E+01        7.00000000E+01        3.19446614E+01        7.53537282E-01    
    1.00000000E+02        7.00000000E+01        3.20999962E+01        1.00550965E+00    
    1.15000000E+02        7.00000000E+01        3.19913797E+01        1.22312142E+00    
    1.30000000E+02        7.00000000E+01        3.15322340E+01        1.30100033E+00    
    1.45000000E+02        7.00000000E+01        3.09086552E+01        1.37268641E+00    
    1.60000000E+02        7.00000000E+01        3.04493669E+01        1.47099546E+00    
    1.75000000E+02        7.00000000E+01        3.04228496E+01        1.43667212E+00    
    1.90000000E+02        7.00000000E+01        3.08878144E+01        1.18085061E+00    
    2.05000000E+02        7.00000000E+01        3.16761423E+01        9.35862186E-01    
    2.20000000E+02        7.00000000E+01        3.25019969E+01        1.16635353E+00    
    2.35000000E+02        7.00000000E+01        3.31244210E+01        1.64564822E+00    
    2.50000000E+02        7.00000000E+01        3.34734729E+01        1.99928599E+00    
    2.65000000E+02        7.00000000E+01        3.36762131E+01        2.15769774E+00    
    2.80000000E+02        7.00000000E+01        3.39691439E+01        2.19097103E+00    
    2.95000000E+02        7.00000000E+01        3.45400724E+01        2.13881111E+00    
    3.10000000E+02        7.00000000E+01        3.53839360E+01        1.94539138E+00    
   -5.00000000E+01        8.50000000E+01        3.63097597E+01        1.78590831E+00    
   -3.50000000E+01        8.50000000E+01        3.69014823E+01        1.61764584E+00    
   -2.00000000E+01        8.50000000E+01        3.72897341E+01        1.18761578E+00    
   -5.00000000E+00        8.50000000E+01        3.71849700E+01        7.59473518E-01    
    1.00000000E+01        8.50000000E+01        3.65082184E+01        9.46624399E-01    
    2.50000000E+01        8.50000000E+01        3.54642402E+01        1.38333882E+00    
    4.00000000E+01        8.50000000E+01        3.44425300E+01        1.54392282E+00    
    5.50000000E+01        8.50000000E+01        3.37954909E+01        1.30226020E+00    
    7.00000000E+01        8.50000000E+01        3.36335393E+01        7.26604922E-01    
    8.50000000E+01        8.50000000E+01        3.37725000E+01        1.00010013E-04    
    1.00000000E+02        8.50000000E+01        3.38670315E+01        6.62734026E-01    
    1.15000000E+02        8.50000000E+01        3.36406974E+01        1.11638056E+00    
    1.30000000E+02        8.50000000E+01        3.30651167E+01        1.35810910E+00    
    1.45000000E+02        8.50000000E+01        3.23796846E+01        1.47760539E+00    
    1.60000000E+02        8.50000000E+01        3.19471732E+01        1.49276327E+00    
    1.75000000E+02        8.50000000E+01        3.20406653E+01        1.31460688E+00    
    1.90000000E+02        8.50000000E+01        3.26915434E+01        9.24618159E-01    
    2.05000000E+02        8.50000000E+01        3.36803706E+01        6.71263446E-01    
    2.20000000E+02        8.50000000E+01        3.46620959E+01        1.05110263E+00    
    2.35000000E+02        8.50000000E+01        3.53456264E+01        1.51702323E+00    
    2.50000000E+02        8.50000000E+01        3.56310282E+01        1.73334078E+00    
    2.65000000E+02        8.50000000E+01        3.56397455E+01        1.71681743E+00    
    2.80000000E+02        8.50000000E+01        3.56283060E+01        1.67112133E+00    
    2.95000000E+02        8.50000000E+01        3.58306035E+01        1.73672042E+00    
    3.10000000E+02        8.50000000E+01        3.63097597E+01        1.78590831E+00    
   -5.00000000E+01        1.00000000E+02        3.55772234E+01        1.48025166E+00    
   -3.50000000E+01        1.00000000E+02        3.58971051E+01        1.59785185E+00    
   -2.00000000E+01        1.00000000E+02        3.61499885E+01        1.40215023E+00    
   -5.00000000E+00        1.00000000E+02        3.60513111E+01        1.13763934E+00    
    1.00000000E+01        1.00000000E+02        3.54947830E+01        1.20454078E+00    
    2.50000000E+01        1.00000000E+02        3.46382449E+01        1.50033690E+00    
    4.00000000E+01        1.00000000E+02        3.38211710E+01        1.63611757E+00    
    5.50000000E+01        1.00000000E+02        3.33562435E+01        1.46445637E+00    
    7.00000000E+01        1.00000000E+02        3.33312622E+01        1.06107276E+00    
    8.50000000E+01        1.00000000E+02        3.35566445E+01        7.09838315E-01    
    1.00000000E+02        1.00000000E+02        3.36948187E+01        7.62132661E-01    
    1.15000000E+02        1.00000000E+02        3.34863579E+01        9.65329877E-01    
    1.30000000E+02        1.00000000E+02        3.29276189E+01        1.07577251E+00    
    1.45000000E+02        1.00000000E+02        3.22883277E+01        1.12736187E+00    
    1.60000000E+02        1.00000000E+02        3.19588553E+01        1.11307945E+00    
    1.75000000E+02        1.00000000E+02        3.22224331E+01        9.11530498E-01    
    1.90000000E+02        1.00000000E+02        3.30905342E+01        4.52534379E-01    
    2.05000000E+02        1.00000000E+02        3.42939080E+01        1.98727373E-01    
    2.20000000E+02        1.00000000E+02        3.54235131E+01        8.25608082E-01    
    2.35000000E+02        1.00000000E+02        3.61333580E+01        1.22551549E+00    
    2.50000000E+02        1.00000000E+02        3.62964202E+01        1.25624535E+00    
    2.65000000E+02        1.00000000E+02        3.60421185E+01        9.64003287E-01    
    2.80000000E+02        1.00000000E+02        3.56668659E+01        7.49330951E-01    
    2.95000000E+02        1.00000000E+02        3.54670020E+01        1.07830085E+00    
    3.10000000E+02        1.00000000E+02        3.55772234E+01        1.48025166E+00    
   -5.00000000E+01        1.15000000E+02        3.32031487E+01        1.21422873E+00    
   -3.50000000E+01        1.15000000E+02        3.32493595E+01        1.41169610E+00    
   -2.00000000E+01        1.15000000E+02        3.33446564E+01        1.28463461E+00    
   -5.00000000E+00        1.15000000E+02        3.31925700E+01        1.03498990E+00    
    1.00000000E+01        1.15000000E+02        3.26538686E+01        1.03753607E+00    
    2.50000000E+01        1.15000000E+02        3.18509724E+01        1.29634835E+00    
    4.00000000E+01        1.15000000E+02        3.11008684E+01        1.47907621E+00    
    5.50000000E+01        1.15000000E+02        3.07115162E+01        1.44930648E+00    
    7.00000000E+01        1.15000000E+02        3.07772140E+01        1.25480978E+00    
    8.50000000E+01        1.15000000E+02        3.11138189E+01        1.03054110E+00    
    1.00000000E+02        1.15000000E+02        3.13793398E+01        8.73424122E-01    
    1.15000000E+02        1.15000000E+02        3.13024161E+01        7.30425993E-01    
    1.30000000E+02        1.15000000E+02        3.08726779E+01        5.68695091E-01    
    1.45000000E+02        1.15000000E+02        3.03699678E+01        5.74215336E-01    
    1.60000000E+02        1.15000000E+02        3.02086532E+01        7.45366042E-01    
    1.75000000E+02        1.15000000E+02        3.06902671E+01        8.36909317E-01    
    1.90000000E+02        1.15000000E+02        3.18161594E+01        8.16701853E-01    
    2.05000000E+02        1.15000000E+02        3.32706797E+01        8.75574101E-01    
    2.20000000E+02        1.15000000E+02        3.45765694E+01        1.09920657E+00    
    2.35000000E+02        1.15000000E+02        3.53260974E+01        1.26995233E+00    
    2.50000000E+02        1.15000000E+02        3.53626343E+01        1.17472933E+00    
    2.65000000E+02        1.15000000E+02        3.48290394E+01        7.58740850E-01    
    2.80000000E+02        1.15000000E+02        3.40726557E+01        2.51318275E-01    
    2.95000000E+02        1.15000000E+02        3.34617413E+01        7.05480417E-01    
    3.10000000E+02        1.15000000E+02        3.32031487E+01        1.21422873E+00    
   -5.00000000E+01        1.30000000E+02        2.96800083E+01        1.03027160E+00    
   -3.50000000E+01        1.30000000E+02        2.94873305E+01        1.07716834E+00    
   -2.00000000E+01        1.30000000E+02        2.94403916E+01        9.20274230E-01    
   -5.00000000E+00        1.30000000E+02        2.92182577E+01        6.28196625E-01    
    1.00000000E+01        1.30000000E+02        2.86441930E+01        5.35142729E-01    
    2.50000000E+01        1.30000000E+02        2.78125939E+01        7.81584287E-01    
    4.00000000E+01        1.30000000E+02        2.70372630E+01        1.01039505E+00    
    5.50000000E+01        1.30000000E+02        2.66473496E+01        1.09114483E+00    
    7.00000000E+01        1.30000000E+02        2.67662648E+01        1.03033494E+00    
    8.50000000E+01        1.30000000E+02        2.72241394E+01        8.69688116E-01    
    1.00000000E+02        1.30000000E+02        2.76648366E+01        6.50510799E-01    
    1.15000000E+02        1.30000000E+02        2.77816346E+01        3.69220652E-01    
    1.30000000E+02        1.30000000E+02        2.75324000E+01        1.00009942E-04    
    1.45000000E+02        1.30000000E+02        2.71922593E+01        4.22772793E-01    
    1.60000000E+02        1.30000000E+02        2.71996152E+01        8.10164640E-01    
    1.75000000E+02        1.30000000E+02        2.78853360E+01        1.08774079E+00    
    1.90000000E+02        1.30000000E+02        2.92542731E+01        1.23379811E+00    
    2.05000000E+02        1.30000000E+02        3.09533249E+01        1.28720182E+00    
    2.20000000E+02        1.30000000E+02        3.24387838E+01        1.32865636E+00    
    2.35000000E+02        1.30000000E+02        3.32381858E+01        1.38474623E+00    
    2.50000000E+02        1.30000000E+02        3.31622481E+01        1.37048221E+00    
    2.65000000E+02        1.30000000E+02        3.23675079E+01        1.21129196E+00    
    2.80000000E+02        1.30000000E+02        3.12552747E+01        9.86088707E-01    
    2.95000000E+02        1.30000000E+02        3.02676325E+01        9.17756642E-01    
    3.10000000E+02        1.30000000E+02        2.96800083E+01        1.03027160E+00    
   -5.00000000E+01        1.45000000E+02        2.58574606E+01        7.86383517E-01    
   -3.50000000E+01        1.45000000E+02        2.55153506E+01        6.33364506E-01    
   -2.00000000E+01        1.45000000E+02        2.53998492E+01        5.15324416E-01    
   -5.00000000E+00        1.45000000E+02        2.51551453E+01        3.29668973E-01    
    1.00000000E+01        1.45000000E+02        2.45614761E+01        7.06421885E-02    
    2.50000000E+01        1.45000000E+02        2.36868133E+01        2.19834412E-01    
    4.00000000E+01        1.45000000E+02        2.28517849E+01        4.38981931E-01    
    5.50000000E+01        1.45000000E+02        2.24234444E+01        5.62058909E-01    
    7.00000000E+01        1.45000000E+02        2.25714191E+01        5.64474485E-01    
    8.50000000E+01        1.45000000E+02        2.31488324E+01        4.39834909E-01    
    1.00000000E+02        1.45000000E+02        2.37802822E+01        2.50427353E-01    
    1.15000000E+02        1.45000000E+02        2.41070568E+01        2.19083535E-01    
    1.30000000E+02        1.45000000E+02        2.40359662E+01        4.24640761E-01    
    1.45000000E+02        1.45000000E+02        2.38250055E+01        6.55704688E-01    
    1.60000000E+02        1.45000000E+02        2.39360529E+01        8.65214824E-01    
    1.75000000E+02        1.45000000E+02        2.47396990E+01        1.04973092E+00    
    1.90000000E+02        1.45000000E+02        2.62608056E+01        1.16233732E+00    
    2.05000000E+02        1.45000000E+02        2.81256063E+01        1.14129792E+00    
    2.20000000E+02        1.45000000E+02        2.97364802E+01        1.05652775E+00    
    2.35000000E+02        1.45000000E+02        3.05626487E+01        1.11067770E+00    
    2.50000000E+02        1.45000000E+02        3.03832608E+01        1.29457681E+00    
    2.65000000E+02        1.45000000E+02        2.93662776E+01        1.38641536E+00    
    2.80000000E+02        1.45000000E+02        2.79626404E+01        1.27952571E+00    
    2.95000000E+02        1.45000000E+02        2.66815984E+01        1.03273524E+00    
    3.10000000E+02        1.45000000E+02        2.58574606E+01        7.86383517E-01    
   -5.00000000E+01        1.60000000E+02        2.26740058E+01        5.09603962E-01    
   -3.50000000E+01        1.60000000E+02        2.23029613E+01        1.57080703E-01    
   -2.00000000E+01        1.60000000E+02        2.22228045E+01        2.68302989E-01    
   -5.00000000E+00        1.60000000E+02        2.20350279E+01        3.76530179E-01    
    1.00000000E+01        1.60000000E+02        2.14722532E+01        3.15834219E-01    
    2.50000000E+01        1.60000000E+02        2.05751094E+01        1.53360975E-01    
    4.00000000E+01        1.60000000E+02        1.96755764E+01        4.87800452E-02    
    5.50000000E+01        1.60000000E+02        1.91893374E+01        1.50404677E-01    
    7.00000000E+01        1.60000000E+02        1.93458650E+01        1.68615899E-01    
    8.50000000E+01        1.60000000E+02        2.00309945E+01        7.29875121E-02    
    1.00000000E+02        1.60000000E+02        2.08501546E+01        1.43907904E-01    
    1.15000000E+02        1.60000000E+02        2.13827036E+01        3.53176910E-01    
    1.30000000E+02        1.60000000E+02        2.14692056E+01        5.20205158E-01    
    1.45000000E+02        1.60000000E+02        2.13368339E+01        5.86828782E-01    
    1.60000000E+02        1.60000000E+02        2.14645673E+01        5.66255377E-01    
    1.75000000E+02        1.60000000E+02        2.22671432E+01        6.03013044E-01    
    1.90000000E+02        1.60000000E+02        2.38048646E+01        6.91233423E-01    
    2.05000000E+02        1.60000000E+02        2.57060339E+01        6.14707109E-01    
    2.20000000E+02        1.60000000E+02        2.73424531E+01        3.61136493E-01    
    2.35000000E+02        1.60000000E+02        2.81421371E+01        5.42626090E-01    
    2.50000000E+02        1.60000000E+02        2.78596556E+01        1.00141838E+00    
    2.65000000E+02        1.60000000E+02        2.66713183E+01        1.26282104E+00    
    2.80000000E+02        1.60000000E+02        2.50671911E+01        1.21956102E+00    
    2.95000000E+02        1.60000000E+02        2.36089966E+01        9.24590194E-01    
    3.10000000E+02        1.60000000E+02        2.26740058E+01        5.09603962E-01    
   -5.00000000E+01        1.75000000E+02        2.08696852E+01        4.22011674E-01    
   -3.50000000E+01        1.75000000E+02        2.05723973E+01        2.22224442E-01    
   -2.00000000E+01        1.75000000E+02        2.06108650E+01        2.44430750E-01    
   -5.00000000E+00        1.75000000E+02        2.05415656E+01        3.14913242E-01    
    1.00000000E+01        1.75000000E+02        2.00496749E+01        2.80579061E-01    
    2.50000000E+01        1.75000000E+02        1.91492093E+01        1.66406577E-01    
    4.00000000E+01        1.75000000E+02        1.81853665E+01        5.80919326E-02    
    5.50000000E+01        1.75000000E+02        1.76272236E+01        5.32798848E-03    
    7.00000000E+01        1.75000000E+02        1.77718015E+01        3.48731700E-03    
    8.50000000E+01        1.75000000E+02        1.85455733E+01        5.70033018E-02    
    1.00000000E+02        1.75000000E+02        1.95392255E+01        1.40788579E-01    
    1.15000000E+02        1.75000000E+02        2.02685141E+01        2.10593389E-01    
    1.30000000E+02        1.75000000E+02        2.04993754E+01        2.71890435E-01    
    1.45000000E+02        1.75000000E+02        2.04150354E+01        2.65161939E-01    
    1.60000000E+02        1.75000000E+02        2.04989536E+01        1.11078556E-01    
    1.75000000E+02        1.75000000E+02        2.12053209E+01        2.39268197E-01    
    1.90000000E+02        1.75000000E+02        2.26387043E+01        4.98505178E-01    
    2.05000000E+02        1.75000000E+02        2.44512196E+01        5.50682658E-01    
    2.20000000E+02        1.75000000E+02        2.60113444E+01        4.39845463E-01    
    2.35000000E+02        1.75000000E+02        2.67284502E+01        5.88870977E-01    
    2.50000000E+02        1.75000000E+02        2.63429835E+01        9.21446045E-01    
    2.65000000E+02        1.75000000E+02        2.50363038E+01        1.08192339E+00    
    2.80000000E+02        1.75000000E+02        2.33238321E+01        9.84582484E-01    
    2.95000000E+02        1.75000000E+02        2.18009989E+01        7.17202036E-01    
    3.10000000E+02        1.75000000E+02        2.08696852E+01        4.22011674E-01    
   -5.00000000E+01        1.90000000E+02        2.07938902E+01        3.87751032E-01    
   -3.50000000E+01        1.90000000E+02        2.06130530E+01        4.01377467E-01    
   -2.00000000E+01        1.90000000E+02        2.07965465E+01        2.57436372E-01    
   -5.00000000E+00        1.90000000E+02        2.08617540E+01        6.94949587E-02    
    1.00000000E+01        1.90000000E+02        2.04535265E+01        4.58880916E-02    
    2.50000000E+01        1.90000000E+02        1.95627016E+01        7.14901477E-02    
    4.00000000E+01        1.90000000E+02        1.85453704E+01        5.73594314E-02    
    5.50000000E+01        1.90000000E+02        1.79179130E+01        2.64581588E-02    
    7.00000000E+01        1.90000000E+02        1.80397974E+01        7.02377696E-03    
    8.50000000E+01        1.90000000E+02        1.88786190E+01        5.03621488E-02    
    1.00000000E+02        1.90000000E+02        2.00176490E+01        8.25598103E-02    
    1.15000000E+02        1.90000000E+02        2.09192860E+01        1.51076435E-01    
    1.30000000E+02        1.90000000E+02        2.12805323E+01        3.62331092E-01    
    1.45000000E+02        1.90000000E+02        2.12362366E+01        5.89428355E-01    
    1.60000000E+02        1.90000000E+02        2.12614746E+01        7.21387531E-01    
    1.75000000E+02        1.90000000E+02        2.18374876E+01        7.79806502E-01    
    1.90000000E+02        1.90000000E+02        2.31109479E+01        8.25150577E-01    
    2.05000000E+02        1.90000000E+02        2.47692218E+01        8.35488382E-01    
    2.20000000E+02        1.90000000E+02        2.61971849E+01        8.45039118E-01    
    2.35000000E+02        1.90000000E+02        2.68037210E+01        9.48932636E-01    
    2.50000000E+02        1.90000000E+02        2.63237548E+01        1.04130022E+00    
    2.65000000E+02        1.90000000E+02        2.49404151E+01        9.40012196E-01    
    2.80000000E+02        1.90000000E+02        2.31822142E+01        6.35601643E-01    
    2.95000000E+02        1.90000000E+02        2.16624799E+01        3.59132466E-01    
    3.10000000E+02        1.90000000E+02        2.07938902E+01        3.87751032E-01    
   -5.00000000E+01        2.05000000E+02        2.23340617E+01        4.87050659E-01    
   -3.50000000E+01        2.05000000E+02        2.22424277E+01        6.08371099E-01    
   -2.00000000E+01        2.05000000E+02        2.25395547E+01        5.20489519E-01    
   -5.00000000E+00        2.05000000E+02        2.27168564E+01        4.08796534E-01    
    1.00000000E+01        2.05000000E+02        2.23910853E+01        3.56217032E-01    
    2.50000000E+01        2.05000000E+02        2.15338707E+01        2.71265648E-01    
    4.00000000E+01        2.05000000E+02        2.05029584E+01        1.39347570E-01    
    5.50000000E+01        2.05000000E+02        1.98415317E+01        7.59493117E-02    
    7.00000000E+01        2.05000000E+02        1.99496273E+01        1.09660008E-01    
    8.50000000E+01        2.05000000E+02        2.08257592E+01        1.14551745E-01    
    1.00000000E+02        2.05000000E+02        2.20547635E+01        2.09080237E-01    
    1.15000000E+02        2.05000000E+02        2.30694983E+01        4.34659670E-01    
    1.30000000E+02        2.05000000E+02        2.35226168E+01        7.60585570E-01    
    1.45000000E+02        2.05000000E+02        2.35120647E+01        1.07363430E+00    
    1.60000000E+02        2.05000000E+02        2.34988684E+01        1.22536177E+00    
    1.75000000E+02        2.05000000E+02        2.39757709E+01        1.15317529E+00    
    1.90000000E+02        2.05000000E+02        2.51176207E+01        9.10091325E-01    
    2.05000000E+02        2.05000000E+02        2.66418331E+01        6.62055027E-01    
    2.20000000E+02        2.05000000E+02        2.79525080E+01        7.17737659E-01    
    2.35000000E+02        2.05000000E+02        2.84632936E+01        9.99017993E-01    
    2.50000000E+02        2.05000000E+02        2.79059924E+01        1.13623257E+00    
    2.65000000E+02        2.05000000E+02        2.64632078E+01        9.60278678E-01    
    2.80000000E+02        2.05000000E+02        2.46709584E+01        5.14469643E-01    
    2.95000000E+02        2.05000000E+02        2.31545016E+01        1.72008384E-01    
    3.10000000E+02        2.05000000E+02        2.23340617E+01        4.87050659E-01    
   -5.00000000E+01        2.20000000E+02        2.49464023E+01        6.85849428E-01    
   -3.50000000E+01        2.20000000E+02        2.48755067E+01        8.22694366E-01    
   -2.00000000E+01        2.20000000E+02        2.52283638E+01        8.37115032E-01    
   -5.00000000E+00        2.20000000E+02        2.54844064E+01        7.65752783E-01    
    1.00000000E+01        2.20000000E+02        2.52443082E+01        6.06035662E-01    
    2.50000000E+01        2.20000000E+02        2.44627581E+01        3.33446803E-01    
    4.00000000E+01        2.20000000E+02        2.34849000E+01        1.00010013E-04    
    5.50000000E+01        2.20000000E+02        2.28510821E+01        2.81950471E-01    
    7.00000000E+01        2.20000000E+02        2.29692406E+01        4.07960344E-01    
    8.50000000E+01        2.20000000E+02        2.38512201E+01        3.34735197E-01    
    1.00000000E+02        2.20000000E+02        2.50926946E+01        1.31328556E-01    
    1.15000000E+02        2.20000000E+02        2.61293426E+01        3.98439714E-01    
    1.30000000E+02        2.20000000E+02        2.66076890E+01        8.80994729E-01    
    1.45000000E+02        2.20000000E+02        2.66140699E+01        1.30292794E+00    
    1.60000000E+02        2.20000000E+02        2.65990202E+01        1.49364080E+00    
    1.75000000E+02        2.20000000E+02        2.70523792E+01        1.36092883E+00    
    1.90000000E+02        2.20000000E+02        2.81551555E+01        9.21924362E-01    
    2.05000000E+02        2.20000000E+02        2.96343508E+01        2.75413267E-01    
    2.20000000E+02        2.20000000E+02        3.08986503E+01        4.40503387E-01    
    2.35000000E+02        2.20000000E+02        3.13579989E+01        1.02576746E+00    
    2.50000000E+02        2.20000000E+02        3.07378076E+01        1.31679244E+00    
    2.65000000E+02        2.20000000E+02        2.92211851E+01        1.23854570E+00    
    2.80000000E+02        2.20000000E+02        2.73560220E+01        8.91145692E-01    
    2.95000000E+02        2.20000000E+02        2.57859543E+01        6.03942486E-01    
    3.10000000E+02        2.20000000E+02        2.49464023E+01        6.85849428E-01    
   -5.00000000E+01        2.35000000E+02        2.77957997E+01        5.90694962E-01    
   -3.50000000E+01        2.35000000E+02        2.76955319E+01        8.33078938E-01    
   -2.00000000E+01        2.35000000E+02        2.80718081E+01        1.03333458E+00    
   -5.00000000E+00        2.35000000E+02        2.83975672E+01        1.05248626E+00    
    1.00000000E+01        2.35000000E+02        2.82631652E+01        8.47582654E-01    
    2.50000000E+01        2.35000000E+02        2.76068727E+01        4.73388890E-01    
    4.00000000E+01        2.35000000E+02        2.67494286E+01        3.29057471E-01    
    5.50000000E+01        2.35000000E+02        2.62030282E+01        6.55240947E-01    
    7.00000000E+01        2.35000000E+02        2.63542914E+01        8.57819840E-01    
    8.50000000E+01        2.35000000E+02        2.72116975E+01        7.92548742E-01    
    1.00000000E+02        2.35000000E+02        2.83893518E+01        4.83146471E-01    
    1.15000000E+02        2.35000000E+02        2.93554978E+01        3.04285908E-01    
    1.30000000E+02        2.35000000E+02        2.97876627E+01        8.10892873E-01    
    1.45000000E+02        2.35000000E+02        2.97879004E+01        1.32351097E+00    
    1.60000000E+02        2.35000000E+02        2.98041016E+01        1.60112957E+00    
    1.75000000E+02        2.35000000E+02        3.03121641E+01        1.56442359E+00    
    1.90000000E+02        2.35000000E+02        3.14764906E+01        1.26587063E+00    
    2.05000000E+02        2.35000000E+02        3.30077643E+01        9.22857035E-01    
    2.20000000E+02        2.35000000E+02        3.42972446E+01        9.46538414E-01    
    2.35000000E+02        2.35000000E+02        3.47377531E+01        1.29420221E+00    
    2.50000000E+02        2.35000000E+02        3.40456675E+01        1.53565639E+00    
    2.65000000E+02        2.35000000E+02        3.24120171E+01        1.47538911E+00    
    2.80000000E+02        2.35000000E+02        3.04103646E+01        1.12973531E+00    
    2.95000000E+02        2.35000000E+02        2.87175822E+01        6.98767185E-01    
    3.10000000E+02        2.35000000E+02        2.77957997E+01        5.90694962E-01    
   -5.00000000E+01        2.50000000E+02        3.00001845E+01        1.89495698E-01    
   -3.50000000E+01        2.50000000E+02        2.99108273E+01        7.75858111E-01    
   -2.00000000E+01        2.50000000E+02        3.03630738E+01        1.20365648E+00    
   -5.00000000E+00        2.50000000E+02        3.08128767E+01        1.33619116E+00    
    1.00000000E+01        2.50000000E+02        3.08360792E+01        1.14035254E+00    
    2.50000000E+01        2.50000000E+02        3.03549730E+01        7.29225212E-01    
    4.00000000E+01        2.50000000E+02        2.96645568E+01        5.74726939E-01    
    5.50000000E+01        2.50000000E+02        2.92408295E+01        9.54129350E-01    
    7.00000000E+01        2.50000000E+02        2.94365879E+01        1.28263178E+00    
    8.50000000E+01        2.50000000E+02        3.02486085E+01        1.34713267E+00    
    1.00000000E+02        2.50000000E+02        3.13130813E+01        1.17020442E+00    
    1.15000000E+02        2.50000000E+02        3.21467038E+01        9.51930658E-01    
    1.30000000E+02        2.50000000E+02        3.24786511E+01        1.01187667E+00    
    1.45000000E+02        2.50000000E+02        3.24424957E+01        1.31383822E+00    
    1.60000000E+02        2.50000000E+02        3.24883660E+01        1.57033188E+00    
    1.75000000E+02        2.50000000E+02        3.30715119E+01        1.66040417E+00    
    1.90000000E+02        2.50000000E+02        3.43249676E+01        1.60137432E+00    
    2.05000000E+02        2.50000000E+02        3.59260358E+01        1.47871939E+00    
    2.20000000E+02        2.50000000E+02        3.72354513E+01        1.41525077E+00    
    2.35000000E+02        2.50000000E+02        3.76248110E+01        1.47618787E+00    
    2.50000000E+02        2.50000000E+02        3.68083497E+01        1.55160837E+00    
    2.65000000E+02        2.50000000E+02        3.50006745E+01        1.46170816E+00    
    2.80000000E+02        2.50000000E+02        3.28194267E+01        1.11493244E+00    
    2.95000000E+02        2.50000000E+02        3.09884282E+01        5.49327605E-01    
    3.10000000E+02        2.50000000E+02        3.00001845E+01        1.89495698E-01    
   -5.00000000E+01        2.65000000E+02        3.09013862E+01        4.13842031E-01    
   -3.50000000E+01        2.65000000E+02        3.10029403E+01        9.02402248E-01    
   -2.00000000E+01        2.65000000E+02        3.17061133E+01        1.36940923E+00    
   -5.00000000E+00        2.65000000E+02        3.24227572E+01        1.52839978E+00    
    1.00000000E+01        2.65000000E+02        3.27011866E+01        1.30150441E+00    
    2.50000000E+01        2.65000000E+02        3.24503456E+01        7.66887697E-01    
    4.00000000E+01        2.65000000E+02        3.19521006E+01        4.37031822E-01    
    5.50000000E+01        2.65000000E+02        3.16600015E+01        1.00123972E+00    
    7.00000000E+01        2.65000000E+02        3.19015358E+01        1.54921955E+00    
    8.50000000E+01        2.65000000E+02        3.26638660E+01        1.82987319E+00    
    1.00000000E+02        2.65000000E+02        3.36032993E+01        1.83502557E+00    
    1.15000000E+02        2.65000000E+02        3.42816655E+01        1.65895036E+00    
    1.30000000E+02        2.65000000E+02        3.44765100E+01        1.43766113E+00    
    1.45000000E+02        2.65000000E+02        3.43500606E+01        1.28631400E+00    
    1.60000000E+02        2.65000000E+02        3.43522917E+01        1.27068492E+00    
    1.75000000E+02        2.65000000E+02        3.49161308E+01        1.38871179E+00    
    1.90000000E+02        2.65000000E+02        3.61432538E+01        1.53155128E+00    
    2.05000000E+02        2.65000000E+02        3.76813114E+01        1.55794416E+00    
    2.20000000E+02        2.65000000E+02        3.88703943E+01        1.43209066E+00    
    2.35000000E+02        2.65000000E+02        3.90779949E+01        1.27668051E+00    
    2.50000000E+02        2.65000000E+02        3.80386003E+01        1.23480673E+00    
    2.65000000E+02        2.65000000E+02        3.60127244E+01        1.22242606E+00    
    2.80000000E+02        2.65000000E+02        3.36771344E+01        1.04134756E+00    
    2.95000000E+02        2.65000000E+02        3.18040079E+01        6.40309364E-01    
    3.10000000E+02        2.65000000E+02        3.09013862E+01        4.13842031E-01    
   -5.00000000E+01        2.80000000E+02        3.02631083E+01        6.19453908E-01    
   -3.50000000E+01        2.80000000E+02        3.08563569E+01        9.36912937E-01    
   -2.00000000E+01        2.80000000E+02        3.20813013E+01        1.35506643E+00    
   -5.00000000E+00        2.80000000E+02        3.32706823E+01        1.50454314E+00    
    1.00000000E+01        2.80000000E+02        3.39304583E+01        1.26195705E+00    
    2.50000000E+01        2.80000000E+02        3.39638452E+01        6.63073312E-01    
    4.00000000E+01        2.80000000E+02        3.36642264E+01        2.64246141E-01    
    5.50000000E+01        2.80000000E+02        3.34931740E+01        1.07562098E+00    
    7.00000000E+01        2.80000000E+02        3.37768201E+01        1.77659618E+00    
    8.50000000E+01        2.80000000E+02        3.45016348E+01        2.20191083E+00    
    1.00000000E+02        2.80000000E+02        3.53360464E+01        2.31514974E+00    
    1.15000000E+02        2.80000000E+02        3.58666568E+01        2.14932839E+00    
    1.30000000E+02        2.80000000E+02        3.58950349E+01        1.76029125E+00    
    1.45000000E+02        2.80000000E+02        3.55922566E+01        1.21240879E+00    
    1.60000000E+02        2.80000000E+02        3.53986641E+01        6.80478892E-01    
    1.75000000E+02        2.80000000E+02        3.57280654E+01        7.16598028E-01    
    1.90000000E+02        2.80000000E+02        3.66667084E+01        1.11149523E+00    
    2.05000000E+02        2.80000000E+02        3.78600959E+01        1.27758284E+00    
    2.20000000E+02        2.80000000E+02        3.86641010E+01        1.09802558E+00    
    2.35000000E+02        2.80000000E+02        3.84822069E+01        7.31871380E-01    
    2.50000000E+02        2.80000000E+02        3.71049693E+01        6.51647601E-01    
    2.65000000E+02        2.80000000E+02        3.48616086E+01        8.99619971E-01    
    2.80000000E+02        2.80000000E+02        3.24912551E+01        9.83198267E-01    
    2.95000000E+02        2.80000000E+02        3.07961104E+01        7.91106534E-01    
    3.10000000E+02        2.80000000E+02        3.02631083E+01        6.19453908E-01    
   -5.00000000E+01        2.95000000E+02        2.83477053E+01        4.19731871E-01    
   -3.50000000E+01        2.95000000E+02        2.97445552E+01        7.01025105E-01    
   -2.00000000E+01        2.95000000E+02        3.17468896E+01        1.12676956E+00    
   -5.00000000E+00        2.95000000E+02        3.35818741E+01        1.31565852E+00    
    1.00000000E+01        2.95000000E+02        3.47075670E+01        1.20179279E+00    
    2.50000000E+01        2.95000000E+02        3.50369557E+01        9.54775677E-01    
    4.00000000E+01        2.95000000E+02        3.49061695E+01        1.05291415E+00    
    5.50000000E+01        2.95000000E+02        3.48211069E+01        1.58397347E+00    
    7.00000000E+01        2.95000000E+02        3.51347474E+01        2.13791462E+00    
    8.50000000E+01        2.95000000E+02        3.58423052E+01        2.48201946E+00    
    1.00000000E+02        2.95000000E+02        3.66115840E+01        2.53951180E+00    
    1.15000000E+02        2.95000000E+02        3.70243666E+01        2.31897541E+00    
    1.30000000E+02        2.95000000E+02        3.68711143E+01        1.86020118E+00    
    1.45000000E+02        2.95000000E+02        3.63031643E+01        1.21283641E+00    
    1.60000000E+02        2.95000000E+02        3.57378622E+01        4.99220474E-01    
    1.75000000E+02        2.95000000E+02        3.55758287E+01        4.97152995E-01    
    1.90000000E+02        2.95000000E+02        3.59134198E+01        9.88017709E-01    
    2.05000000E+02        2.95000000E+02        3.64362044E+01        1.15620493E+00    
    2.20000000E+02        2.95000000E+02        3.65679579E+01        9.16508483E-01    
    2.35000000E+02        2.95000000E+02        3.57993254E+01        3.76715179E-01    
    2.50000000E+02        2.95000000E+02        3.40143502E+01        2.71739126E-01    
    2.65000000E+02        2.95000000E+02        3.16243334E+01        7.34713760E-01    
    2.80000000E+02        2.95000000E+02        2.94165653E+01        8.82957863E-01    
    2.95000000E+02        2.95000000E+02        2.81859127E+01        6.92829883E-01    
    3.10000000E+02        2.95000000E+02        2.83477053E+01        4.19731871E-01    
   -5.00000000E+01        3.10000000E+02        2.58505000E+01        1.00009977E-04    
   -3.50000000E+01        3.10000000E+02        2.82100949E+01        4.93968641E-01    
   -2.00000000E+01        3.10000000E+02        3.10735849E+01        8.69878302E-01    
   -5.00000000E+00        3.10000000E+02        3.35623231E+01        1.06595772E+00    
    1.00000000E+01        3.10000000E+02        3.51002846E+01        1.16300784E+00    
    2.50000000E+01        3.10000000E+02        3.56344428E+01        1.34873497E+00    
    4.00000000E+01        3.10000000E+02        3.55739139E+01        1.71027773E+00    
    5.50000000E+01        3.10000000E+02        3.54986895E+01        2.13708396E+00    
    7.00000000E+01        3.10000000E+02        3.58093863E+01        2.46428644E+00    
    8.50000000E+01        3.10000000E+02        3.65143090E+01        2.57412246E+00    
    1.00000000E+02        3.10000000E+02        3.72662618E+01        2.43205073E+00    
    1.15000000E+02        3.10000000E+02        3.76138787E+01        2.08682219E+00    
    1.30000000E+02        3.10000000E+02        3.73039177E+01        1.63925457E+00    
    1.45000000E+02        3.10000000E+02        3.64413929E+01        1.22828482E+00    
    1.60000000E+02        3.10000000E+02        3.54076820E+01        1.06424653E+00    
    1.75000000E+02        3.10000000E+02        3.45949841E+01        1.21750718E+00    
    1.90000000E+02        3.10000000E+02        3.41331362E+01        1.39850345E+00    
    2.05000000E+02        3.10000000E+02        3.37867169E+01        1.35206700E+00    
    2.20000000E+02        3.10000000E+02        3.30937259E+01        1.03082501E+00    
    2.35000000E+02        3.10000000E+02        3.16727742E+01        6.14962508E-01    
    2.50000000E+02        3.10000000E+02        2.95229884E+01        5.53180558E-01    
    2.65000000E+02        3.10000000E+02        2.71318200E+01        7.47615152E-01    
    2.80000000E+02        3.10000000E+02        2.53028576E+01        7.43942810E-01    
    2.95000000E+02        3.10000000E+02        2.47768133E+01        4.64683042E-01    
    3.10000000E+02        3.10000000E+02        2.58505000E+01        1.00009977E-04    
