Model dump (x mu nu), grid of 25x25=625 pts
Model parameter values (noise variance lengthscales [periods]): (1e-12, 31.02829616323693, [360.0, 1.0], [31.02829616323693, 0.6115241377423741])
   -5.00000000E+01       -5.00000000E+01        2.58505000E+01        1.00009995E-04    
   -3.50000000E+01       -5.00000000E+01        2.58652484E+01        1.12439974E+00    
   -2.00000000E+01       -5.00000000E+01        2.59065230E+01        2.13981571E+00    
   -5.00000000E+00       -5.00000000E+01        2.59883784E+01        2.97054286E+00    
    1.00000000E+01       -5.00000000E+01        2.61241049E+01        3.59189902E+00    
    2.50000000E+01       -5.00000000E+01        2.63189599E+01        4.02821341E+00    
    4.00000000E+01       -5.00000000E+01        2.65613465E+01        4.33272548E+00    
    5.50000000E+01       -5.00000000E+01        2.68183528E+01        4.56018863E+00    
    7.00000000E+01       -5.00000000E+01        2.70415087E+01        4.74637555E+00    
    8.50000000E+01       -5.00000000E+01        2.71828659E+01        4.90333236E+00    
    1.00000000E+02       -5.00000000E+01        2.72136708E+01        5.02754241E+00    
    1.15000000E+02       -5.00000000E+01        2.71348145E+01        5.11109717E+00    
    1.30000000E+02       -5.00000000E+01        2.69733299E+01        5.14841527E+00    
    1.45000000E+02       -5.00000000E+01        2.67684939E+01        5.13729145E+00    
    1.60000000E+02       -5.00000000E+01        2.65568545E+01        5.07748758E+00    
    1.75000000E+02       -5.00000000E+01        2.63637548E+01        4.97041687E+00    
    1.90000000E+02       -5.00000000E+01        2.62025844E+01        4.81960313E+00    
    2.05000000E+02       -5.00000000E+01        2.60780152E+01        4.62744971E+00    
    2.20000000E+02       -5.00000000E+01        2.59890789E+01        4.38550452E+00    
    2.35000000E+02       -5.00000000E+01        2.59307398E+01        4.06399402E+00    
    2.50000000E+02       -5.00000000E+01        2.58951074E+01        3.61297873E+00    
    2.65000000E+02       -5.00000000E+01        2.58735740E+01        2.98118535E+00    
    2.80000000E+02       -5.00000000E+01        2.58596336E+01        2.14408596E+00    
    2.95000000E+02       -5.00000000E+01        2.58510452E+01        1.12539338E+00    
    3.10000000E+02       -5.00000000E+01        2.58505000E+01        1.00009995E-04    
   -5.00000000E+01       -3.50000000E+01        2.61326171E+01        1.22157392E+00    
   -3.50000000E+01       -3.50000000E+01        2.62280792E+01        1.70674317E+00    
   -2.00000000E+01       -3.50000000E+01        2.63582874E+01        2.50107114E+00    
   -5.00000000E+00       -3.50000000E+01        2.65337793E+01        3.23836100E+00    
    1.00000000E+01       -3.50000000E+01        2.67618099E+01        3.81364037E+00    
    2.50000000E+01       -3.50000000E+01        2.70391913E+01        4.22002650E+00    
    4.00000000E+01       -3.50000000E+01        2.73446272E+01        4.49400146E+00    
    5.50000000E+01       -3.50000000E+01        2.76362181E+01        4.68370959E+00    
    7.00000000E+01       -3.50000000E+01        2.78594057E+01        4.82760460E+00    
    8.50000000E+01       -3.50000000E+01        2.79647494E+01        4.94494372E+00    
    1.00000000E+02       -3.50000000E+01        2.79271944E+01        5.03712304E+00    
    1.15000000E+02       -3.50000000E+01        2.77557323E+01        5.09518034E+00    
    1.30000000E+02       -3.50000000E+01        2.74879735E+01        5.10771985E+00    
    1.45000000E+02       -3.50000000E+01        2.71739658E+01        5.06565120E+00    
    1.60000000E+02       -3.50000000E+01        2.68594821E+01        4.96437776E+00    
    1.75000000E+02       -3.50000000E+01        2.65768263E+01        4.80627355E+00    
    1.90000000E+02       -3.50000000E+01        2.63441930E+01        4.60303636E+00    
    2.05000000E+02       -3.50000000E+01        2.61692553E+01        4.37200116E+00    
    2.20000000E+02       -3.50000000E+01        2.60524076E+01        4.12136500E+00    
    2.35000000E+02       -3.50000000E+01        2.59883315E+01        3.83161616E+00    
    2.50000000E+02       -3.50000000E+01        2.59673578E+01        3.45318323E+00    
    2.65000000E+02       -3.50000000E+01        2.59781471E+01        2.93255710E+00    
    2.80000000E+02       -3.50000000E+01        2.60113356E+01        2.25966918E+00    
    2.95000000E+02       -3.50000000E+01        2.60624158E+01        1.54537948E+00    
    3.10000000E+02       -3.50000000E+01        2.61326171E+01        1.22157392E+00    
   -5.00000000E+01       -2.00000000E+01        2.64338887E+01        2.29925631E+00    
   -3.50000000E+01       -2.00000000E+01        2.66120721E+01        2.60111371E+00    
   -2.00000000E+01       -2.00000000E+01        2.68331354E+01        3.11954908E+00    
   -5.00000000E+00       -2.00000000E+01        2.71054927E+01        3.65404676E+00    
    1.00000000E+01       -2.00000000E+01        2.74317236E+01        4.09085104E+00    
    2.50000000E+01       -2.00000000E+01        2.78008319E+01        4.39867699E+00    
    4.00000000E+01       -2.00000000E+01        2.81811219E+01        4.59601672E+00    
    5.50000000E+01       -2.00000000E+01        2.85195033E+01        4.72213126E+00    
    7.00000000E+01       -2.00000000E+01        2.87521771E+01        4.81480739E+00    
    8.50000000E+01       -2.00000000E+01        2.88252702E+01        4.89582750E+00    
    1.00000000E+02       -2.00000000E+01        2.87159238E+01        4.96584060E+00    
    1.15000000E+02       -2.00000000E+01        2.84417749E+01        5.00904963E+00    
    1.30000000E+02       -2.00000000E+01        2.80532739E+01        5.00337399E+00    
    1.45000000E+02       -2.00000000E+01        2.76142161E+01        4.92949623E+00    
    1.60000000E+02       -2.00000000E+01        2.71822424E+01        4.77680240E+00    
    1.75000000E+02       -2.00000000E+01        2.67983379E+01        4.54921403E+00    
    1.90000000E+02       -2.00000000E+01        2.64862611E+01        4.27129006E+00    
    2.05000000E+02       -2.00000000E+01        2.62567550E+01        3.98644614E+00    
    2.20000000E+02       -2.00000000E+01        2.61112346E+01        3.73594626E+00    
    2.35000000E+02       -2.00000000E+01        2.60434942E+01        3.52422694E+00    
    2.50000000E+02       -2.00000000E+01        2.60412640E+01        3.30596047E+00    
    2.65000000E+02       -2.00000000E+01        2.60894848E+01        3.02290551E+00    
    2.80000000E+02       -2.00000000E+01        2.61749104E+01        2.67074762E+00    
    2.95000000E+02       -2.00000000E+01        2.62899239E+01        2.35881512E+00    
    3.10000000E+02       -2.00000000E+01        2.64338887E+01        2.29925631E+00    
   -5.00000000E+01       -5.00000000E+00        2.67642978E+01        3.13724536E+00    
   -3.50000000E+01       -5.00000000E+00        2.70275162E+01        3.37425437E+00    
   -2.00000000E+01       -5.00000000E+00        2.73428269E+01        3.71476260E+00    
   -5.00000000E+00       -5.00000000E+00        2.77176866E+01        4.06205879E+00    
    1.00000000E+01       -5.00000000E+00        2.81509861E+01        4.33980304E+00    
    2.50000000E+01       -5.00000000E+00        2.86241017E+01        4.51869610E+00    
    4.00000000E+01       -5.00000000E+00        2.90937709E+01        4.61067446E+00    
    5.50000000E+01       -5.00000000E+00        2.94931107E+01        4.65196355E+00    
    7.00000000E+01       -5.00000000E+00        2.97456789E+01        4.68321666E+00    
    8.50000000E+01       -5.00000000E+00        2.97901994E+01        4.72963340E+00    
    1.00000000E+02       -5.00000000E+00        2.96047225E+01        4.78820321E+00    
    1.15000000E+02       -5.00000000E+00        2.92164856E+01        4.83032534E+00    
    1.30000000E+02       -5.00000000E+00        2.86915197E+01        4.81678799E+00    
    1.45000000E+02       -5.00000000E+00        2.81107288E+01        4.71295999E+00    
    1.60000000E+02       -5.00000000E+00        2.75464202E+01        4.49855633E+00    
    1.75000000E+02       -5.00000000E+00        2.70498571E+01        4.17672707E+00    
    1.90000000E+02       -5.00000000E+00        2.66507702E+01        3.78639118E+00    
    2.05000000E+02       -5.00000000E+00        2.63625945E+01        3.40918049E+00    
    2.20000000E+02       -5.00000000E+00        2.61870472E+01        3.14590349E+00    
    2.35000000E+02       -5.00000000E+00        2.61162635E+01        3.04646433E+00    
    2.50000000E+02       -5.00000000E+00        2.61346606E+01        3.05797957E+00    
    2.65000000E+02       -5.00000000E+00        2.62228271E+01        3.07991016E+00    
    2.80000000E+02       -5.00000000E+00        2.63631077E+01        3.06317095E+00    
    2.95000000E+02       -5.00000000E+00        2.65444374E+01        3.05064791E+00    
    3.10000000E+02       -5.00000000E+00        2.67642978E+01        3.13724536E+00    
   -5.00000000E+01        1.00000000E+01        2.71286385E+01        3.71378871E+00    
   -3.50000000E+01        1.00000000E+01        2.74776022E+01        3.92722025E+00    
   -2.00000000E+01        1.00000000E+01        2.78899089E+01        4.15599064E+00    
   -5.00000000E+00        1.00000000E+01        2.83729089E+01        4.35714286E+00    
    1.00000000E+01        1.00000000E+01        2.89223570E+01        4.48745117E+00    
    2.50000000E+01        1.00000000E+01        2.95117727E+01        4.52905652E+00    
    4.00000000E+01        1.00000000E+01        3.00848977E+01        4.49682605E+00    
    5.50000000E+01        1.00000000E+01        3.05584250E+01        4.43306234E+00    
    7.00000000E+01        1.00000000E+01        3.08400834E+01        4.39074938E+00    
    8.50000000E+01        1.00000000E+01        3.08586292E+01        4.40528352E+00    
    1.00000000E+02        1.00000000E+01        3.05922169E+01        4.46940474E+00    
    1.15000000E+02        1.00000000E+01        3.00790667E+01        4.53432763E+00    
    1.30000000E+02        1.00000000E+01        2.94037784E+01        4.53519175E+00    
    1.45000000E+02        1.00000000E+01        2.86677063E+01        4.41592013E+00    
    1.60000000E+02        1.00000000E+01        2.79603041E+01        4.14169221E+00    
    1.75000000E+02        1.00000000E+01        2.73441231E+01        3.70832402E+00    
    1.90000000E+02        1.00000000E+01        2.68545257E+01        3.16070363E+00    
    2.05000000E+02        1.00000000E+01        2.65065155E+01        2.62207163E+00    
    2.20000000E+02        1.00000000E+01        2.63008438E+01        2.30154418E+00    
    2.35000000E+02        1.00000000E+01        2.62270173E+01        2.35364463E+00    
    2.50000000E+02        1.00000000E+01        2.62656394E+01        2.66886197E+00    
    2.65000000E+02        1.00000000E+01        2.63928672E+01        3.02661893E+00    
    2.80000000E+02        1.00000000E+01        2.65868361E+01        3.31128117E+00    
    2.95000000E+02        1.00000000E+01        2.68333959E+01        3.52241464E+00    
    3.10000000E+02        1.00000000E+01        2.71286385E+01        3.71378871E+00    
   -5.00000000E+01        2.50000000E+01        2.75176262E+01        4.07704596E+00    
   -3.50000000E+01        2.50000000E+01        2.79483749E+01        4.27572779E+00    
   -2.00000000E+01        2.50000000E+01        2.84558101E+01        4.42582609E+00    
   -5.00000000E+00        2.50000000E+01        2.90477124E+01        4.51094303E+00    
    1.00000000E+01        2.50000000E+01        2.97169532E+01        4.50738484E+00    
    2.50000000E+01        2.50000000E+01        3.04288825E+01        4.40632504E+00    
    4.00000000E+01        2.50000000E+01        3.11131165E+01        4.22884301E+00    
    5.50000000E+01        2.50000000E+01        3.16680113E+01        4.03194885E+00    
    7.00000000E+01        2.50000000E+01        3.19832915E+01        3.89608604E+00    
    8.50000000E+01        2.50000000E+01        3.19762067E+01        3.88181753E+00    
    1.00000000E+02        2.50000000E+01        3.16249357E+01        3.97905941E+00    
    1.15000000E+02        2.50000000E+01        3.09802675E+01        4.10685771E+00    
    1.30000000E+02        2.50000000E+01        3.01479990E+01        4.16311583E+00    
    1.45000000E+02        2.50000000E+01        2.92524635E+01        4.06555631E+00    
    1.60000000E+02        2.50000000E+01        2.84016532E+01        3.76292641E+00    
    1.75000000E+02        2.50000000E+01        2.76692341E+01        3.23688274E+00    
    1.90000000E+02        2.50000000E+01        2.70947294E+01        2.51540148E+00    
    2.05000000E+02        2.50000000E+01        2.66926559E+01        1.71857593E+00    
    2.20000000E+02        2.50000000E+01        2.64609378E+01        1.22192220E+00    
    2.35000000E+02        2.50000000E+01        2.63853344E+01        1.54298066E+00    
    2.50000000E+02        2.50000000E+01        2.64424383E+01        2.26224250E+00    
    2.65000000E+02        2.50000000E+01        2.66045443E+01        2.93753034E+00    
    2.80000000E+02        2.50000000E+01        2.68465748E+01        3.45391633E+00    
    2.95000000E+02        2.50000000E+01        2.71523782E+01        3.81758412E+00    
    3.10000000E+02        2.50000000E+01        2.75176262E+01        4.07704596E+00    
   -5.00000000E+01        4.00000000E+01        2.78986186E+01        4.31287570E+00    
   -3.50000000E+01        4.00000000E+01        2.83992936E+01        4.48530144E+00    
   -2.00000000E+01        4.00000000E+01        2.89906833E+01        4.56746076E+00    
   -5.00000000E+00        4.00000000E+01        2.96812813E+01        4.55231875E+00    
    1.00000000E+01        4.00000000E+01        3.04612881E+01        4.42267452E+00    
    2.50000000E+01        4.00000000E+01        3.12880194E+01        4.17105813E+00    
    4.00000000E+01        4.00000000E+01        3.20769483E+01        3.82106729E+00    
    5.50000000E+01        4.00000000E+01        3.27079217E+01        3.44793044E+00    
    7.00000000E+01        4.00000000E+01        3.30525180E+01        3.18025026E+00    
    8.50000000E+01        4.00000000E+01        3.30166950E+01        3.13625146E+00    
    1.00000000E+02        4.00000000E+01        3.25794787E+01        3.30804460E+00    
    1.15000000E+02        4.00000000E+01        3.18055654E+01        3.55663983E+00    
    1.30000000E+02        4.00000000E+01        3.08232902E+01        3.72606474E+00    
    1.45000000E+02        4.00000000E+01        2.97805911E+01        3.70964383E+00    
    1.60000000E+02        4.00000000E+01        2.88033716E+01        3.44850551E+00    
    1.75000000E+02        4.00000000E+01        2.79744654E+01        2.91796002E+00    
    1.90000000E+02        4.00000000E+01        2.73347364E+01        2.12661426E+00    
    2.05000000E+02        4.00000000E+01        2.68952769E+01        1.12374454E+00    
    2.20000000E+02        4.00000000E+01        2.66489000E+01        1.00009977E-04    
    2.35000000E+02        4.00000000E+01        2.65765067E+01        1.12834815E+00    
    2.50000000E+02        4.00000000E+01        2.66508527E+01        2.14887332E+00    
    2.65000000E+02        4.00000000E+01        2.68415402E+01        2.98334590E+00    
    2.80000000E+02        4.00000000E+01        2.71219224E+01        3.60468000E+00    
    2.95000000E+02        4.00000000E+01        2.74754514E+01        4.03292009E+00    
    3.10000000E+02        4.00000000E+01        2.78986186E+01        4.31287570E+00    
   -5.00000000E+01        5.50000000E+01        2.82132947E+01        4.50027844E+00    
   -3.50000000E+01        5.50000000E+01        2.87620295E+01        4.62805773E+00    
   -2.00000000E+01        5.50000000E+01        2.94132942E+01        4.64458121E+00    
   -5.00000000E+00        5.50000000E+01        3.01764137E+01        4.54102018E+00    
    1.00000000E+01        5.50000000E+01        3.10393984E+01        4.29692896E+00    
    2.50000000E+01        5.50000000E+01        3.19526677E+01        3.89735072E+00    
    4.00000000E+01        5.50000000E+01        3.28194508E+01        3.35681843E+00    
    5.50000000E+01        5.50000000E+01        3.35036111E+01        2.75459800E+00    
    7.00000000E+01        5.50000000E+01        3.38613658E+01        2.27912899E+00    
    8.50000000E+01        5.50000000E+01        3.37899048E+01        2.18477036E+00    
    1.00000000E+02        5.50000000E+01        3.32708150E+01        2.49014245E+00    
    1.15000000E+02        5.50000000E+01        3.23831765E+01        2.92642386E+00    
    1.30000000E+02        5.50000000E+01        3.12769055E+01        3.26269248E+00    
    1.45000000E+02        5.50000000E+01        3.01212132E+01        3.38627186E+00    
    1.60000000E+02        5.50000000E+01        2.90564986E+01        3.25278286E+00    
    1.75000000E+02        5.50000000E+01        2.81707348E+01        2.85614254E+00    
    1.90000000E+02        5.50000000E+01        2.75020738E+01        2.23616240E+00    
    2.05000000E+02        5.50000000E+01        2.70547355E+01        1.53978796E+00    
    2.20000000E+02        5.50000000E+01        2.68141225E+01        1.22363668E+00    
    2.35000000E+02        5.50000000E+01        2.67554363E+01        1.71818451E+00    
    2.50000000E+02        5.50000000E+01        2.68481646E+01        2.52149616E+00    
    2.65000000E+02        5.50000000E+01        2.70607867E+01        3.26654365E+00    
    2.80000000E+02        5.50000000E+01        2.73670362E+01        3.84647189E+00    
    2.95000000E+02        5.50000000E+01        2.77517102E+01        4.24930004E+00    
    3.10000000E+02        5.50000000E+01        2.82132947E+01        4.50027844E+00    
   -5.00000000E+01        7.00000000E+01        2.83898957E+01        4.67978052E+00    
   -3.50000000E+01        7.00000000E+01        2.89550787E+01        4.75323678E+00    
   -2.00000000E+01        7.00000000E+01        2.96287861E+01        4.71206982E+00    
   -5.00000000E+00        7.00000000E+01        3.04212443E+01        4.54125165E+00    
    1.00000000E+01        7.00000000E+01        3.13192671E+01        4.21387764E+00    
    2.50000000E+01        7.00000000E+01        3.22688693E+01        3.70436162E+00    
    4.00000000E+01        7.00000000E+01        3.31652578E+01        3.00798772E+00    
    5.50000000E+01        7.00000000E+01        3.38619115E+01        2.17058336E+00    
    7.00000000E+01        7.00000000E+01        3.42056291E+01        1.36113742E+00    
    8.50000000E+01        7.00000000E+01        3.40896235E+01        1.09908650E+00    
    1.00000000E+02        7.00000000E+01        3.35002764E+01        1.62767661E+00    
    1.15000000E+02        7.00000000E+01        3.25300369E+01        2.29185089E+00    
    1.30000000E+02        7.00000000E+01        3.13464516E+01        2.80005617E+00    
    1.45000000E+02        7.00000000E+01        3.01342080E+01        3.08335130E+00    
    1.60000000E+02        7.00000000E+01        2.90418642E+01        3.13310960E+00    
    1.75000000E+02        7.00000000E+01        2.81567058E+01        2.96943518E+00    
    1.90000000E+02        7.00000000E+01        2.75094807E+01        2.65907703E+00    
    2.05000000E+02        7.00000000E+01        2.70942688E+01        2.35835372E+00    
    2.20000000E+02        7.00000000E+01        2.68873166E+01        2.30668810E+00    
    2.35000000E+02        7.00000000E+01        2.68578475E+01        2.62285903E+00    
    2.50000000E+02        7.00000000E+01        2.69730145E+01        3.15929326E+00    
    2.65000000E+02        7.00000000E+01        2.72018446E+01        3.71299037E+00    
    2.80000000E+02        7.00000000E+01        2.75202698E+01        4.16859795E+00    
    2.95000000E+02        7.00000000E+01        2.79158707E+01        4.48938944E+00    
    3.10000000E+02        7.00000000E+01        2.83898957E+01        4.67978052E+00    
   -5.00000000E+01        8.50000000E+01        2.83692317E+01        4.85192530E+00    
   -3.50000000E+01        8.50000000E+01        2.89127909E+01        4.87702719E+00    
   -2.00000000E+01        8.50000000E+01        2.95621634E+01        4.79684980E+00    
   -5.00000000E+00        8.50000000E+01        3.03286385E+01        4.59214118E+00    
    1.00000000E+01        8.50000000E+01        3.11994398E+01        4.23377962E+00    
    2.50000000E+01        8.50000000E+01        3.21199640E+01        3.69353220E+00    
    4.00000000E+01        8.50000000E+01        3.29836224E+01        2.95933972E+00    
    5.50000000E+01        8.50000000E+01        3.36415629E+01        2.05166513E+00    
    7.00000000E+01        8.50000000E+01        3.39394036E+01        1.03296519E+00    
    8.50000000E+01        8.50000000E+01        3.37725000E+01        1.00010013E-04    
    1.00000000E+02        8.50000000E+01        3.31339890E+01        9.44112927E-01    
    1.15000000E+02        8.50000000E+01        3.21267335E+01        1.72516407E+00    
    1.30000000E+02        8.50000000E+01        3.09289822E+01        2.31619249E+00    
    1.45000000E+02        8.50000000E+01        2.97321166E+01        2.72516679E+00    
    1.60000000E+02        8.50000000E+01        2.86844450E+01        2.96882302E+00    
    1.75000000E+02        8.50000000E+01        2.78659880E+01        3.06641802E+00    
    1.90000000E+02        8.50000000E+01        2.72958060E+01        3.06310906E+00    
    2.05000000E+02        8.50000000E+01        2.69556254E+01        3.05258949E+00    
    2.20000000E+02        8.50000000E+01        2.68119169E+01        3.15063149E+00    
    2.35000000E+02        8.50000000E+01        2.68284308E+01        3.41188620E+00    
    2.50000000E+02        8.50000000E+01        2.69711854E+01        3.78593433E+00    
    2.65000000E+02        8.50000000E+01        2.72112191E+01        4.17408120E+00    
    2.80000000E+02        8.50000000E+01        2.75279626E+01        4.49928578E+00    
    2.95000000E+02        8.50000000E+01        2.79125784E+01        4.72694475E+00    
    3.10000000E+02        8.50000000E+01        2.83692317E+01        4.85192530E+00    
   -5.00000000E+01        1.00000000E+02        2.81315921E+01        4.99744981E+00    
   -3.50000000E+01        1.00000000E+02        2.86147095E+01        4.98945632E+00    
   -2.00000000E+01        1.00000000E+02        2.91914536E+01        4.89207722E+00    
   -5.00000000E+00        1.00000000E+02        2.98745708E+01        4.68640788E+00    
    1.00000000E+01        1.00000000E+02        3.06538323E+01        4.34773859E+00    
    2.50000000E+01        1.00000000E+02        3.14786022E+01        3.85569874E+00    
    4.00000000E+01        1.00000000E+02        3.22476744E+01        3.20866870E+00    
    5.50000000E+01        1.00000000E+02        3.28187842E+01        2.44044654E+00    
    7.00000000E+01        1.00000000E+02        3.30450328E+01        1.63763403E+00    
    8.50000000E+01        1.00000000E+02        3.28296697E+01        9.82769333E-01    
    1.00000000E+02        1.00000000E+02        3.21732381E+01        8.53994975E-01    
    1.15000000E+02        1.00000000E+02        3.11840416E+01        1.23861912E+00    
    1.30000000E+02        1.00000000E+02        3.00419840E+01        1.73072646E+00    
    1.45000000E+02        1.00000000E+02        2.89348767E+01        2.21664346E+00    
    1.60000000E+02        1.00000000E+02        2.80020295E+01        2.65994452E+00    
    1.75000000E+02        1.00000000E+02        2.73104687E+01        3.02398777E+00    
    1.90000000E+02        1.00000000E+02        2.68649313E+01        3.29691363E+00    
    2.05000000E+02        1.00000000E+02        2.66344245E+01        3.51199083E+00    
    2.20000000E+02        1.00000000E+02        2.65765290E+01        3.72824052E+00    
    2.35000000E+02        1.00000000E+02        2.66508634E+01        3.98455578E+00    
    2.50000000E+02        1.00000000E+02        2.68236267E+01        4.27180488E+00    
    2.65000000E+02        1.00000000E+02        2.70688878E+01        4.54829356E+00    
    2.80000000E+02        1.00000000E+02        2.73701408E+01        4.77320950E+00    
    2.95000000E+02        1.00000000E+02        2.77221655E+01        4.92477380E+00    
    3.10000000E+02        1.00000000E+02        2.81315921E+01        4.99744981E+00    
   -5.00000000E+01        1.15000000E+02        2.77073729E+01        5.09796570E+00    
   -3.50000000E+01        1.15000000E+02        2.80967442E+01        5.06958900E+00    
   -2.00000000E+01        1.15000000E+02        2.85599191E+01        4.96789059E+00    
   -5.00000000E+00        1.15000000E+02        2.91118205E+01        4.77760462E+00    
    1.00000000E+01        1.15000000E+02        2.97472072E+01        4.48218763E+00    
    2.50000000E+01        1.15000000E+02        3.04240389E+01        4.07250388E+00    
    4.00000000E+01        1.15000000E+02        3.10532155E+01        3.55656904E+00    
    5.50000000E+01        1.15000000E+02        3.15068692E+01        2.96635401E+00    
    7.00000000E+01        1.15000000E+02        3.16524963E+01        2.35339404E+00    
    8.50000000E+01        1.15000000E+02        3.14048363E+01        1.76684299E+00    
    1.00000000E+02        1.15000000E+02        3.07703530E+01        1.23644741E+00    
    1.15000000E+02        1.15000000E+02        2.98562046E+01        8.54308766E-01    
    1.30000000E+02        1.15000000E+02        2.88342503E+01        9.61182018E-01    
    1.45000000E+02        1.15000000E+02        2.78790011E+01        1.54087702E+00    
    1.60000000E+02        1.15000000E+02        2.71136654E+01        2.23553968E+00    
    1.75000000E+02        1.15000000E+02        2.65889305E+01        2.87110413E+00    
    1.90000000E+02        1.15000000E+02        2.62951509E+01        3.38282793E+00    
    2.05000000E+02        1.15000000E+02        2.61904846E+01        3.77399677E+00    
    2.20000000E+02        1.15000000E+02        2.62260301E+01        4.08475703E+00    
    2.35000000E+02        1.15000000E+02        2.63592983E+01        4.35457102E+00    
    2.50000000E+02        1.15000000E+02        2.65579202E+01        4.59790859E+00    
    2.65000000E+02        1.15000000E+02        2.67994578E+01        4.80598727E+00    
    2.80000000E+02        1.15000000E+02        2.70712897E+01        4.96362527E+00    
    2.95000000E+02        1.15000000E+02        2.73711848E+01        5.06176884E+00    
    3.10000000E+02        1.15000000E+02        2.77073729E+01        5.09796570E+00    
   -5.00000000E+01        1.30000000E+02        2.71641304E+01        5.14495443E+00    
   -3.50000000E+01        1.30000000E+02        2.74365652E+01        5.09861551E+00    
   -2.00000000E+01        1.30000000E+02        2.77590389E+01        4.99013565E+00    
   -5.00000000E+00        1.30000000E+02        2.81496791E+01        4.80900404E+00    
    1.00000000E+01        1.30000000E+02        2.86106557E+01        4.54812692E+00    
    2.50000000E+01        1.30000000E+02        2.91124589E+01        4.20993645E+00    
    4.00000000E+01        1.30000000E+02        2.95831661E+01        3.80829587E+00    
    5.50000000E+01        1.30000000E+02        2.99144728E+01        3.36246893E+00    
    7.00000000E+01        1.30000000E+02        2.99919109E+01        2.88120375E+00    
    8.50000000E+01        1.30000000E+02        2.97421240E+01        2.34450136E+00    
    1.00000000E+02        1.30000000E+02        2.91737530E+01        1.70492154E+00    
    1.15000000E+02        1.30000000E+02        2.83854933E+01        9.21177170E-01    
    1.30000000E+02        1.30000000E+02        2.75324000E+01        1.00009995E-04    
    1.45000000E+02        1.30000000E+02        2.67682434E+01        9.91218116E-01    
    1.60000000E+02        1.30000000E+02        2.61960687E+01        1.95066135E+00    
    1.75000000E+02        1.30000000E+02        2.58500229E+01        2.78635318E+00    
    1.90000000E+02        1.30000000E+02        2.57087349E+01        3.45027569E+00    
    2.05000000E+02        1.30000000E+02        2.57233491E+01        3.94595758E+00    
    2.20000000E+02        1.30000000E+02        2.58420044E+01        4.31066968E+00    
    2.35000000E+02        1.30000000E+02        2.60224673E+01        4.58694243E+00    
    2.50000000E+02        1.30000000E+02        2.62348259E+01        4.80209425E+00    
    2.65000000E+02        1.30000000E+02        2.64600664E+01        4.96540717E+00    
    2.80000000E+02        1.30000000E+02        2.66887009E+01        5.07714573E+00    
    2.95000000E+02        1.30000000E+02        2.69204474E+01        5.13692198E+00    
    3.10000000E+02        1.30000000E+02        2.71641304E+01        5.14495443E+00    
   -5.00000000E+01        1.45000000E+02        2.65796121E+01        5.13711591E+00    
   -3.50000000E+01        1.45000000E+02        2.67238642E+01        5.06402075E+00    
   -2.00000000E+01        1.45000000E+02        2.68945003E+01        4.93196506E+00    
   -5.00000000E+00        1.45000000E+02        2.71140131E+01        4.73495957E+00    
    1.00000000E+01        1.45000000E+02        2.73940323E+01        4.47668610E+00    
    2.50000000E+01        1.45000000E+02        2.77202944E+01        4.17456596E+00    
    4.00000000E+01        1.45000000E+02        2.80408594E+01        3.85322142E+00    
    5.50000000E+01        1.45000000E+02        2.82689654E+01        3.52603572E+00    
    7.00000000E+01        1.45000000E+02        2.83082875E+01        3.17500741E+00    
    8.50000000E+01        1.45000000E+02        2.80948313E+01        2.74950908E+00    
    1.00000000E+02        1.45000000E+02        2.76342044E+01        2.19905913E+00    
    1.15000000E+02        1.45000000E+02        2.70098044E+01        1.54468754E+00    
    1.30000000E+02        1.45000000E+02        2.63533400E+01        1.06282203E+00    
    1.45000000E+02        1.45000000E+02        2.57936172E+01        1.36556152E+00    
    1.60000000E+02        1.45000000E+02        2.54127911E+01        2.15846257E+00    
    1.75000000E+02        1.45000000E+02        2.52310516E+01        2.96205684E+00    
    1.90000000E+02        1.45000000E+02        2.52198831E+01        3.62856339E+00    
    2.05000000E+02        1.45000000E+02        2.53283113E+01        4.13112136E+00    
    2.20000000E+02        1.45000000E+02        2.55054031E+01        4.49287980E+00    
    2.35000000E+02        1.45000000E+02        2.57114476E+01        4.75082716E+00    
    2.50000000E+02        1.45000000E+02        2.59196751E+01        4.93435682E+00    
    2.65000000E+02        1.45000000E+02        2.61140378E+01        5.05947509E+00    
    2.80000000E+02        1.45000000E+02        2.62871343E+01        5.13321626E+00    
    2.95000000E+02        1.45000000E+02        2.64394843E+01        5.15890477E+00    
    3.10000000E+02        1.45000000E+02        2.65796121E+01        5.13711591E+00    
   -5.00000000E+01        1.60000000E+02        2.60189977E+01        5.07422670E+00    
   -3.50000000E+01        1.60000000E+02        2.60354097E+01        4.95814352E+00    
   -2.00000000E+01        1.60000000E+02        2.60577564E+01        4.77643546E+00    
   -5.00000000E+00        1.60000000E+02        2.61138642E+01        4.52625828E+00    
    1.00000000E+01        1.60000000E+02        2.62261096E+01        4.22395590E+00    
    2.50000000E+01        1.60000000E+02        2.63966710E+01        3.90995595E+00    
    4.00000000E+01        1.60000000E+02        2.65941026E+01        3.63393832E+00    
    5.50000000E+01        1.60000000E+02        2.67523844E+01        3.41875283E+00    
    7.00000000E+01        1.60000000E+02        2.67908107E+01        3.23102504E+00    
    8.50000000E+01        1.60000000E+02        2.66505515E+01        2.99826439E+00    
    1.00000000E+02        1.60000000E+02        2.63289500E+01        2.67120347E+00    
    1.15000000E+02        1.60000000E+02        2.58890086E+01        2.29913327E+00    
    1.30000000E+02        1.60000000E+02        2.54355024E+01        2.08427105E+00    
    1.45000000E+02        1.60000000E+02        2.50712808E+01        2.26111895E+00    
    1.60000000E+02        1.60000000E+02        2.48595132E+01        2.77579270E+00    
    1.75000000E+02        1.60000000E+02        2.48105923E+01        3.38819730E+00    
    1.90000000E+02        1.60000000E+02        2.48939889E+01        3.93684774E+00    
    2.05000000E+02        1.60000000E+02        2.50613534E+01        4.36422264E+00    
    2.20000000E+02        1.60000000E+02        2.52660966E+01        4.67240026E+00    
    2.35000000E+02        1.60000000E+02        2.54727939E+01        4.88548502E+00    
    2.50000000E+02        1.60000000E+02        2.56581278E+01        5.02687703E+00    
    2.65000000E+02        1.60000000E+02        2.58083694E+01        5.11133065E+00    
    2.80000000E+02        1.60000000E+02        2.59171596E+01        5.14626550E+00    
    2.95000000E+02        1.60000000E+02        2.59848360E+01        5.13449570E+00    
    3.10000000E+02        1.60000000E+02        2.60189977E+01        5.07422670E+00    
   -5.00000000E+01        1.75000000E+02        2.55278061E+01        4.95716016E+00    
   -3.50000000E+01        1.75000000E+02        2.54272159E+01        4.78113031E+00    
   -2.00000000E+01        1.75000000E+02        2.53169746E+01        4.52218663E+00    
   -5.00000000E+00        1.75000000E+02        2.52306197E+01        4.17672707E+00    
    1.00000000E+01        1.75000000E+02        2.52014112E+01        3.77340092E+00    
    2.50000000E+01        1.75000000E+02        2.52474860E+01        3.38642377E+00    
    4.00000000E+01        1.75000000E+02        2.53564095E+01        3.11694828E+00    
    5.50000000E+01        1.75000000E+02        2.54802248E+01        3.02197882E+00    
    7.00000000E+01        1.75000000E+02        2.55501333E+01        3.04922886E+00    
    8.50000000E+01        1.75000000E+02        2.55083115E+01        3.08141052E+00    
    1.00000000E+02        1.75000000E+02        2.53401113E+01        3.04168771E+00    
    1.15000000E+02        1.75000000E+02        2.50857371E+01        2.95515675E+00    
    1.30000000E+02        1.75000000E+02        2.48225748E+01        2.93962056E+00    
    1.45000000E+02        1.75000000E+02        2.46291625E+01        3.11046158E+00    
    1.60000000E+02        1.75000000E+02        2.45530646E+01        3.46345949E+00    
    1.75000000E+02        1.75000000E+02        2.45992130E+01        3.89222151E+00    
    1.90000000E+02        1.75000000E+02        2.47394154E+01        4.29245872E+00    
    2.05000000E+02        1.75000000E+02        2.49315079E+01        4.61177454E+00    
    2.20000000E+02        1.75000000E+02        2.51355604E+01        4.84205489E+00    
    2.35000000E+02        1.75000000E+02        2.53214471E+01        4.99581644E+00    
    2.50000000E+02        1.75000000E+02        2.54692764E+01        5.08793035E+00    
    2.65000000E+02        1.75000000E+02        2.55670040E+01        5.12813985E+00    
    2.80000000E+02        1.75000000E+02        2.56085111E+01        5.12086229E+00    
    2.95000000E+02        1.75000000E+02        2.55933192E+01        5.06593824E+00    
    3.10000000E+02        1.75000000E+02        2.55278061E+01        4.95716016E+00    
   -5.00000000E+01        1.90000000E+02        2.51373316E+01        4.79428724E+00    
   -3.50000000E+01        1.90000000E+02        2.49400993E+01        4.55029226E+00    
   -2.00000000E+01        1.90000000E+02        2.47230038E+01        4.19798418E+00    
   -5.00000000E+00        1.90000000E+02        2.45247349E+01        3.72448038E+00    
    1.00000000E+01        1.90000000E+02        2.43881336E+01        3.16061182E+00    
    2.50000000E+01        1.90000000E+02        2.43450799E+01        2.61759990E+00    
    4.00000000E+01        1.90000000E+02        2.43990567E+01        2.29776685E+00    
    5.50000000E+01        1.90000000E+02        2.45165161E+01        2.35347791E+00    
    7.00000000E+01        1.90000000E+02        2.46369684E+01        2.67112751E+00    
    8.50000000E+01        1.90000000E+02        2.47008453E+01        3.02063799E+00    
    1.00000000E+02        1.90000000E+02        2.46803086E+01        3.27592261E+00    
    1.15000000E+02        1.90000000E+02        2.45934461E+01        3.43590513E+00    
    1.30000000E+02        1.90000000E+02        2.44926294E+01        3.57432628E+00    
    1.45000000E+02        1.90000000E+02        2.44355554E+01        3.76760048E+00    
    1.60000000E+02        1.90000000E+02        2.44579992E+01        4.03377244E+00    
    1.75000000E+02        1.90000000E+02        2.45629447E+01        4.33170888E+00    
    1.90000000E+02        1.90000000E+02        2.47273244E+01        4.60656216E+00    
    2.05000000E+02        1.90000000E+02        2.49170398E+01        4.82466567E+00    
    2.20000000E+02        1.90000000E+02        2.50998009E+01        4.97791046E+00    
    2.35000000E+02        1.90000000E+02        2.52510142E+01        5.07189623E+00    
    2.50000000E+02        1.90000000E+02        2.53539460E+01        5.11414860E+00    
    2.65000000E+02        1.90000000E+02        2.53977587E+01        5.10904563E+00    
    2.80000000E+02        1.90000000E+02        2.53761509E+01        5.05750422E+00    
    2.95000000E+02        1.90000000E+02        2.52876192E+01        4.95624464E+00    
    3.10000000E+02        1.90000000E+02        2.51373316E+01        4.79428724E+00    
   -5.00000000E+01        2.05000000E+02        2.48708085E+01        4.60202873E+00    
   -3.50000000E+01        2.05000000E+02        2.46055208E+01        4.30202592E+00    
   -2.00000000E+01        2.05000000E+02        2.43154353E+01        3.87090155E+00    
   -5.00000000E+00        2.05000000E+02        2.40427771E+01        3.27604464E+00    
    1.00000000E+01        2.05000000E+02        2.38371886E+01        2.52432438E+00    
    2.50000000E+01        2.05000000E+02        2.37404956E+01        1.71848550E+00    
    4.00000000E+01        2.05000000E+02        2.37678038E+01        1.22309855E+00    
    5.50000000E+01        2.05000000E+02        2.38960020E+01        1.54530746E+00    
    7.00000000E+01        2.05000000E+02        2.40701807E+01        2.26133194E+00    
    8.50000000E+01        2.05000000E+02        2.42282855E+01        2.92780051E+00    
    1.00000000E+02        2.05000000E+02        2.43308234E+01        3.42679091E+00    
    1.15000000E+02        2.05000000E+02        2.43772460E+01        3.76737906E+00    
    1.30000000E+02        2.05000000E+02        2.43994536E+01        4.01232196E+00    
    1.45000000E+02        2.05000000E+02        2.44388124E+01        4.22735061E+00    
    1.60000000E+02        2.05000000E+02        2.45229125E+01        4.44409182E+00    
    1.75000000E+02        2.05000000E+02        2.46551066E+01        4.65564650E+00    
    1.90000000E+02        2.05000000E+02        2.48185780E+01        4.83911846E+00    
    2.05000000E+02        2.05000000E+02        2.49875762E+01        4.97762440E+00    
    2.20000000E+02        2.05000000E+02        2.51372587E+01        5.06634700E+00    
    2.35000000E+02        2.05000000E+02        2.52481729E+01        5.10718169E+00    
    2.50000000E+02        2.05000000E+02        2.53063465E+01        5.10235675E+00    
    2.65000000E+02        2.05000000E+02        2.53018891E+01        5.05235627E+00    
    2.80000000E+02        2.05000000E+02        2.52282850E+01        4.95642300E+00    
    2.95000000E+02        2.05000000E+02        2.50831903E+01        4.81070956E+00    
    3.10000000E+02        2.05000000E+02        2.48708085E+01        4.60202873E+00    
   -5.00000000E+01        2.20000000E+02        2.47420995E+01        4.38781829E+00    
   -3.50000000E+01        2.20000000E+02        2.44428612E+01        4.06849590E+00    
   -2.00000000E+01        2.20000000E+02        2.41188019E+01        3.61813176E+00    
   -5.00000000E+00        2.20000000E+02        2.38132126E+01        2.98610553E+00    
    1.00000000E+01        2.20000000E+02        2.35786393E+01        2.14821190E+00    
    2.50000000E+01        2.20000000E+02        2.34619534E+01        1.12802464E+00    
    4.00000000E+01        2.20000000E+02        2.34849000E+01        1.00010031E-04    
    5.50000000E+01        2.20000000E+02        2.36309264E+01        1.12833589E+00    
    7.00000000E+01        2.20000000E+02        2.38490013E+01        2.14806604E+00    
    8.50000000E+01        2.20000000E+02        2.40756362E+01        2.98110029E+00    
    1.00000000E+02        2.20000000E+02        2.42633455E+01        3.60003831E+00    
    1.15000000E+02        2.20000000E+02        2.43983469E+01        4.02863030E+00    
    1.30000000E+02        2.20000000E+02        2.44978769E+01        4.32301896E+00    
    1.45000000E+02        2.20000000E+02        2.45918543E+01        4.54198787E+00    
    1.60000000E+02        2.20000000E+02        2.47028078E+01        4.72242847E+00    
    1.75000000E+02        2.20000000E+02        2.48357145E+01        4.87426198E+00    
    1.90000000E+02        2.20000000E+02        2.49798692E+01        4.99247987E+00    
    2.05000000E+02        2.20000000E+02        2.51170264E+01        5.07089659E+00    
    2.20000000E+02        2.20000000E+02        2.52288202E+01        5.10712787E+00    
    2.35000000E+02        2.20000000E+02        2.53001708E+01        5.10042049E+00    
    2.50000000E+02        2.20000000E+02        2.53194340E+01        5.04921557E+00    
    2.65000000E+02        2.20000000E+02        2.52775976E+01        4.95221588E+00    
    2.80000000E+02        2.20000000E+02        2.51681910E+01        4.81056843E+00    
    2.95000000E+02        2.20000000E+02        2.49884861E+01        4.62536380E+00    
    3.10000000E+02        2.20000000E+02        2.47420995E+01        4.38781829E+00    
   -5.00000000E+01        2.35000000E+02        2.47490616E+01        4.12358557E+00    
   -3.50000000E+01        2.35000000E+02        2.44510136E+01        3.83603238E+00    
   -2.00000000E+01        2.35000000E+02        2.41324227E+01        3.45775564E+00    
   -5.00000000E+00        2.35000000E+02        2.38348419E+01        2.93602269E+00    
    1.00000000E+01        2.35000000E+02        2.36094383E+01        2.26137742E+00    
    2.50000000E+01        2.35000000E+02        2.35029326E+01        1.54542004E+00    
    4.00000000E+01        2.35000000E+02        2.35386925E+01        1.22416061E+00    
    5.50000000E+01        2.35000000E+02        2.37032051E+01        1.71856095E+00    
    7.00000000E+01        2.35000000E+02        2.39483708E+01        2.52437951E+00    
    8.50000000E+01        2.35000000E+02        2.42113172E+01        3.27503943E+00    
    1.00000000E+02        2.35000000E+02        2.44412086E+01        3.86453283E+00    
    1.15000000E+02        2.35000000E+02        2.46171398E+01        4.28473686E+00    
    1.30000000E+02        2.35000000E+02        2.47477701E+01        4.57096667E+00    
    1.45000000E+02        2.35000000E+02        2.48562850E+01        4.76883487E+00    
    1.60000000E+02        2.35000000E+02        2.49627620E+01        4.91209855E+00    
    1.75000000E+02        2.35000000E+02        2.50743720E+01        5.01603549E+00    
    1.90000000E+02        2.35000000E+02        2.51857052E+01        5.08344154E+00    
    2.05000000E+02        2.35000000E+02        2.52846440E+01        5.11293213E+00    
    2.20000000E+02        2.35000000E+02        2.53579955E+01        5.10223866E+00    
    2.35000000E+02        2.35000000E+02        2.53941464E+01        5.04750305E+00    
    2.50000000E+02        2.35000000E+02        2.53833550E+01        4.94386841E+00    
    2.65000000E+02        2.35000000E+02        2.53175096E+01        4.79012169E+00    
    2.80000000E+02        2.35000000E+02        2.51905585E+01        4.59390693E+00    
    2.95000000E+02        2.35000000E+02        2.49999336E+01        4.36955246E+00    
    3.10000000E+02        2.35000000E+02        2.47490616E+01        4.12358557E+00    
   -5.00000000E+01        2.50000000E+02        2.48702771E+01        3.73859338E+00    
   -3.50000000E+01        2.50000000E+02        2.46044620E+01        3.52932013E+00    
   -2.00000000E+01        2.50000000E+02        2.43257415E+01        3.31068710E+00    
   -5.00000000E+00        2.50000000E+02        2.40714400E+01        3.02563862E+00    
    1.00000000E+01        2.50000000E+02        2.38875606E+01        2.67130523E+00    
    2.50000000E+01        2.50000000E+02        2.38161025E+01        2.35912905E+00    
    4.00000000E+01        2.50000000E+02        2.38776859E+01        2.30509840E+00    
    5.50000000E+01        2.50000000E+02        2.40588524E+01        2.62085652E+00    
    7.00000000E+01        2.50000000E+02        2.43137946E+01        3.16094344E+00    
    8.50000000E+01        2.50000000E+02        2.45823210E+01        3.72447901E+00    
    1.00000000E+02        2.50000000E+02        2.48146211E+01        4.19721498E+00    
    1.15000000E+02        2.50000000E+02        2.49882988E+01        4.54575664E+00    
    1.30000000E+02        2.50000000E+02        2.51089455E+01        4.78347703E+00    
    1.45000000E+02        2.50000000E+02        2.51971730E+01        4.94016433E+00    
    1.60000000E+02        2.50000000E+02        2.52727761E+01        5.04145121E+00    
    1.75000000E+02        2.50000000E+02        2.53454025E+01        5.10112559E+00    
    1.90000000E+02        2.50000000E+02        2.54139843E+01        5.12337743E+00    
    2.05000000E+02        2.50000000E+02        2.54711257E+01        5.10729276E+00    
    2.20000000E+02        2.50000000E+02        2.55075308E+01        5.04833597E+00    
    2.35000000E+02        2.50000000E+02        2.55141800E+01        4.93813560E+00    
    2.50000000E+02        2.50000000E+02        2.54828113E+01        4.76763435E+00    
    2.65000000E+02        2.50000000E+02        2.54061880E+01        4.53618341E+00    
    2.80000000E+02        2.50000000E+02        2.52789575E+01        4.26216616E+00    
    2.95000000E+02        2.50000000E+02        2.50991403E+01        3.98375770E+00    
    3.10000000E+02        2.50000000E+02        2.48702771E+01        3.73859338E+00    
   -5.00000000E+01        2.65000000E+02        2.50709602E+01        3.14860435E+00    
   -3.50000000E+01        2.65000000E+02        2.48605173E+01        3.05197427E+00    
   -2.00000000E+01        2.65000000E+02        2.46469117E+01        3.06236773E+00    
   -5.00000000E+00        2.65000000E+02        2.44615929E+01        3.08142264E+00    
    1.00000000E+01        2.65000000E+02        2.43428147E+01        3.06263537E+00    
    2.50000000E+01        2.65000000E+02        2.43246173E+01        3.05168671E+00    
    4.00000000E+01        2.65000000E+02        2.44216345E+01        3.14724813E+00    
    5.50000000E+01        2.65000000E+02        2.46180796E+01        3.40458715E+00    
    7.00000000E+01        2.65000000E+02        2.48696870E+01        3.77966246E+00    
    8.50000000E+01        2.65000000E+02        2.51202373E+01        4.17756152E+00    
    1.00000000E+02        2.65000000E+02        2.53241232E+01        4.52218721E+00    
    1.15000000E+02        2.65000000E+02        2.54617961E+01        4.78086806E+00    
    1.30000000E+02        2.65000000E+02        2.55401888E+01        4.95539039E+00    
    1.45000000E+02        2.65000000E+02        2.55807682E+01        5.06292658E+00    
    1.60000000E+02        2.65000000E+02        2.56048970E+01        5.12028549E+00    
    1.75000000E+02        2.65000000E+02        2.56250072E+01        5.13697075E+00    
    1.90000000E+02        2.65000000E+02        2.56436531E+01        5.11547091E+00    
    2.05000000E+02        2.65000000E+02        2.56570532E+01        5.05303428E+00    
    2.20000000E+02        2.65000000E+02        2.56587788E+01        4.94118968E+00    
    2.35000000E+02        2.65000000E+02        2.56416508E+01        4.76515525E+00    
    2.50000000E+02        2.65000000E+02        2.55984274E+01        4.50896928E+00    
    2.65000000E+02        2.65000000E+02        2.55225391E+01        4.16980071E+00    
    2.80000000E+02        2.65000000E+02        2.54093320E+01        3.77752830E+00    
    2.95000000E+02        2.65000000E+02        2.52575492E+01        3.40567868E+00    
    3.10000000E+02        2.65000000E+02        2.50709602E+01        3.14860435E+00    
   -5.00000000E+01        2.80000000E+02        2.53154969E+01        2.30346083E+00    
   -3.50000000E+01        2.80000000E+02        2.51746116E+01        2.35855427E+00    
   -2.00000000E+01        2.80000000E+02        2.50410530E+01        2.67139413E+00    
   -5.00000000E+00        2.80000000E+02        2.49398266E+01        3.02561126E+00    
    1.00000000E+01        2.80000000E+02        2.49003379E+01        3.30901216E+00    
    2.50000000E+01        2.80000000E+02        2.49470199E+01        3.52420660E+00    
    4.00000000E+01        2.80000000E+02        2.50865393E+01        3.72939810E+00    
    5.50000000E+01        2.80000000E+02        2.52989265E+01        3.97259062E+00    
    7.00000000E+01        2.80000000E+02        2.55403270E+01        4.25384795E+00    
    8.50000000E+01        2.80000000E+02        2.57586220E+01        4.53590416E+00    
    1.00000000E+02        2.80000000E+02        2.59140076E+01        4.77805185E+00    
    1.15000000E+02        2.80000000E+02        2.59925648E+01        4.95814650E+00    
    1.30000000E+02        2.80000000E+02        2.60057815E+01        5.07429643E+00    
    1.45000000E+02        2.80000000E+02        2.59787394E+01        5.13538515E+00    
    1.60000000E+02        2.80000000E+02        2.59360632E+01        5.15095183E+00    
    1.75000000E+02        2.80000000E+02        2.58935020E+01        5.12618098E+00    
    1.90000000E+02        2.80000000E+02        2.58569336E+01        5.06148606E+00    
    2.05000000E+02        2.80000000E+02        2.58255230E+01        4.95223119E+00    
    2.20000000E+02        2.80000000E+02        2.57950049E+01        4.78589284E+00    
    2.35000000E+02        2.80000000E+02        2.57594206E+01        4.53986419E+00    
    2.50000000E+02        2.80000000E+02        2.57120054E+01        4.18712745E+00    
    2.65000000E+02        2.80000000E+02        2.56463732E+01        3.71474507E+00    
    2.80000000E+02        2.80000000E+02        2.55581695E+01        3.15419875E+00    
    2.95000000E+02        2.80000000E+02        2.54465903E+01        2.61725070E+00    
    3.10000000E+02        2.80000000E+02        2.53154969E+01        2.30346083E+00    
   -5.00000000E+01        2.95000000E+02        2.55787779E+01        1.22250193E+00    
   -3.50000000E+01        2.95000000E+02        2.55143467E+01        1.54553047E+00    
   -2.00000000E+01        2.95000000E+02        2.54673402E+01        2.26053417E+00    
   -5.00000000E+00        2.95000000E+02        2.54567379E+01        2.93223450E+00    
    1.00000000E+01        2.95000000E+02        2.55033300E+01        3.44859904E+00    
    2.50000000E+01        2.95000000E+02        2.56216690E+01        3.81914090E+00    
    4.00000000E+01        2.95000000E+02        2.58094941E+01        4.09837685E+00    
    5.50000000E+01        2.95000000E+02        2.60411172E+01        4.33923063E+00    
    7.00000000E+01        2.95000000E+02        2.62714612E+01        4.56577543E+00    
    8.50000000E+01        2.95000000E+02        2.64514742E+01        4.77301829E+00    
    1.00000000E+02        2.95000000E+02        2.65473101E+01        4.94416525E+00    
    1.15000000E+02        2.95000000E+02        2.65521350E+01        5.06660335E+00    
    1.30000000E+02        2.95000000E+02        2.64842862E+01        5.13720997E+00    
    1.45000000E+02        2.95000000E+02        2.63748041E+01        5.15913193E+00    
    1.60000000E+02        2.95000000E+02        2.62533028E+01        5.13645621E+00    
    1.75000000E+02        2.95000000E+02        2.61397135E+01        5.07147522E+00    
    1.90000000E+02        2.95000000E+02        2.60433967E+01        4.96434752E+00    
    2.05000000E+02        2.95000000E+02        2.59662295E+01        4.81114835E+00    
    2.20000000E+02        2.95000000E+02        2.59057021E+01        4.59800607E+00    
    2.35000000E+02        2.95000000E+02        2.58565562E+01        4.29567425E+00    
    2.50000000E+02        2.95000000E+02        2.58118477E+01        3.86353922E+00    
    2.65000000E+02        2.95000000E+02        2.57645900E+01        3.26848727E+00    
    2.80000000E+02        2.95000000E+02        2.57099151E+01        2.51740303E+00    
    2.95000000E+02        2.95000000E+02        2.56467906E+01        1.71371618E+00    
    3.10000000E+02        2.95000000E+02        2.55787779E+01        1.22250193E+00    
   -5.00000000E+01        3.10000000E+02        2.58505000E+01        1.00009995E-04    
   -3.50000000E+01        3.10000000E+02        2.58652484E+01        1.12439974E+00    
   -2.00000000E+01        3.10000000E+02        2.59065230E+01        2.13981571E+00    
   -5.00000000E+00        3.10000000E+02        2.59883784E+01        2.97054286E+00    
    1.00000000E+01        3.10000000E+02        2.61241049E+01        3.59189902E+00    
    2.50000000E+01        3.10000000E+02        2.63189599E+01        4.02821341E+00    
    4.00000000E+01        3.10000000E+02        2.65613465E+01        4.33272548E+00    
    5.50000000E+01        3.10000000E+02        2.68183528E+01        4.56018863E+00    
    7.00000000E+01        3.10000000E+02        2.70415087E+01        4.74637555E+00    
    8.50000000E+01        3.10000000E+02        2.71828659E+01        4.90333236E+00    
    1.00000000E+02        3.10000000E+02        2.72136708E+01        5.02754241E+00    
    1.15000000E+02        3.10000000E+02        2.71348145E+01        5.11109717E+00    
    1.30000000E+02        3.10000000E+02        2.69733299E+01        5.14841527E+00    
    1.45000000E+02        3.10000000E+02        2.67684939E+01        5.13729145E+00    
    1.60000000E+02        3.10000000E+02        2.65568545E+01        5.07748758E+00    
    1.75000000E+02        3.10000000E+02        2.63637548E+01        4.97041687E+00    
    1.90000000E+02        3.10000000E+02        2.62025844E+01        4.81960313E+00    
    2.05000000E+02        3.10000000E+02        2.60780152E+01        4.62744971E+00    
    2.20000000E+02        3.10000000E+02        2.59890789E+01        4.38550452E+00    
    2.35000000E+02        3.10000000E+02        2.59307398E+01        4.06399402E+00    
    2.50000000E+02        3.10000000E+02        2.58951074E+01        3.61297873E+00    
    2.65000000E+02        3.10000000E+02        2.58735740E+01        2.98118535E+00    
    2.80000000E+02        3.10000000E+02        2.58596336E+01        2.14408596E+00    
    2.95000000E+02        3.10000000E+02        2.58510452E+01        1.12539338E+00    
    3.10000000E+02        3.10000000E+02        2.58505000E+01        1.00009995E-04    
