Model dump (x mu nu), grid of 25x25=625 pts
Model parameter values (noise variance lengthscales [periods]): (1e-12, 64.69690801080537, [360.0, 1.0], [64.69690801080537, 0.6407837612204871])
   -5.00000000E+01       -5.00000000E+01        2.58505000E+01        1.00009942E-04    
   -3.50000000E+01       -5.00000000E+01        2.84796305E+01        5.09998882E-01    
   -2.00000000E+01       -5.00000000E+01        3.14834006E+01        8.91080475E-01    
   -5.00000000E+00       -5.00000000E+01        3.39363968E+01        1.08241300E+00    
    1.00000000E+01       -5.00000000E+01        3.52553895E+01        1.16366663E+00    
    2.50000000E+01       -5.00000000E+01        3.54239612E+01        1.34130538E+00    
    4.00000000E+01       -5.00000000E+01        3.49336369E+01        1.73261696E+00    
    5.50000000E+01       -5.00000000E+01        3.44881397E+01        2.22012266E+00    
    7.00000000E+01       -5.00000000E+01        3.46395149E+01        2.61082553E+00    
    8.50000000E+01       -5.00000000E+01        3.55464023E+01        2.76896860E+00    
    1.00000000E+02       -5.00000000E+01        3.69602123E+01        2.68960597E+00    
    1.15000000E+02       -5.00000000E+01        3.84119188E+01        2.55152086E+00    
    1.30000000E+02       -5.00000000E+01        3.94696266E+01        2.63675297E+00    
    1.45000000E+02       -5.00000000E+01        3.99179784E+01        2.99921728E+00    
    1.60000000E+02       -5.00000000E+01        3.97761797E+01        3.37317828E+00    
    1.75000000E+02       -5.00000000E+01        3.91757996E+01        3.47779129E+00    
    1.90000000E+02       -5.00000000E+01        3.81993280E+01        3.17998707E+00    
    2.05000000E+02       -5.00000000E+01        3.67947211E+01        2.50439666E+00    
    2.20000000E+02       -5.00000000E+01        3.48297634E+01        1.61043653E+00    
    2.35000000E+02       -5.00000000E+01        3.22627555E+01        7.91590667E-01    
    2.50000000E+02       -5.00000000E+01        2.93244000E+01        6.06290559E-01    
    2.65000000E+02       -5.00000000E+01        2.65749081E+01        8.32046217E-01    
    2.80000000E+02       -5.00000000E+01        2.47535971E+01        8.11554333E-01    
    2.95000000E+02       -5.00000000E+01        2.44629371E+01        4.94832201E-01    
    3.10000000E+02       -5.00000000E+01        2.58505000E+01        1.00009942E-04    
   -5.00000000E+01       -3.50000000E+01        2.38139975E+01        4.11178732E-01    
   -3.50000000E+01       -3.50000000E+01        2.71762388E+01        6.39795373E-01    
   -2.00000000E+01       -3.50000000E+01        3.07389972E+01        7.16622173E-01    
   -5.00000000E+00       -3.50000000E+01        3.35214732E+01        7.06569238E-01    
    1.00000000E+01       -3.50000000E+01        3.49428800E+01        9.21955034E-01    
    2.50000000E+01       -3.50000000E+01        3.50390427E+01        1.42523398E+00    
    4.00000000E+01       -3.50000000E+01        3.43790826E+01        1.99799425E+00    
    5.50000000E+01       -3.50000000E+01        3.37397200E+01        2.46909590E+00    
    7.00000000E+01       -3.50000000E+01        3.37188494E+01        2.71268689E+00    
    8.50000000E+01       -3.50000000E+01        3.44860889E+01        2.63838947E+00    
    1.00000000E+02       -3.50000000E+01        3.57745648E+01        2.24505543E+00    
    1.15000000E+02       -3.50000000E+01        3.70795670E+01        1.73617759E+00    
    1.30000000E+02       -3.50000000E+01        3.79283106E+01        1.63777474E+00    
    1.45000000E+02       -3.50000000E+01        3.80706496E+01        2.14864768E+00    
    1.60000000E+02       -3.50000000E+01        3.75087446E+01        2.72863654E+00    
    1.75000000E+02       -3.50000000E+01        3.63860546E+01        2.98489614E+00    
    1.90000000E+02       -3.50000000E+01        3.48323458E+01        2.78713951E+00    
    2.05000000E+02       -3.50000000E+01        3.28748631E+01        2.18540409E+00    
    2.20000000E+02       -3.50000000E+01        3.04776999E+01        1.36979577E+00    
    2.35000000E+02       -3.50000000E+01        2.76895118E+01        6.63360936E-01    
    2.50000000E+02       -3.50000000E+01        2.48019843E+01        5.49412976E-01    
    2.65000000E+02       -3.50000000E+01        2.23903818E+01        6.70022724E-01    
    2.80000000E+02       -3.50000000E+01        2.11571748E+01        5.58692850E-01    
    2.95000000E+02       -3.50000000E+01        2.16210399E+01        3.26809083E-01    
    3.10000000E+02       -3.50000000E+01        2.38139975E+01        4.11178732E-01    
   -5.00000000E+01       -2.00000000E+01        2.27790557E+01        5.53609188E-01    
   -3.50000000E+01       -2.00000000E+01        2.64888802E+01        6.91167860E-01    
   -2.00000000E+01       -2.00000000E+01        3.01896763E+01        5.43466365E-01    
   -5.00000000E+00       -2.00000000E+01        3.29103638E+01        1.26006678E-01    
    1.00000000E+01       -2.00000000E+01        3.41188310E+01        5.52236946E-01    
    2.50000000E+01       -2.00000000E+01        3.39231370E+01        1.24550601E+00    
    4.00000000E+01       -2.00000000E+01        3.29666393E+01        1.86101182E+00    
    5.50000000E+01       -2.00000000E+01        3.20811928E+01        2.29632980E+00    
    7.00000000E+01       -2.00000000E+01        3.18876756E+01        2.46530753E+00    
    8.50000000E+01       -2.00000000E+01        3.25459159E+01        2.28493814E+00    
    1.00000000E+02       -2.00000000E+01        3.37564309E+01        1.71211376E+00    
    1.15000000E+02       -2.00000000E+01        3.49731961E+01        8.06336795E-01    
    1.30000000E+02       -2.00000000E+01        3.56859204E+01        4.35745426E-01    
    1.45000000E+02       -2.00000000E+01        3.56201884E+01        1.46076162E+00    
    1.60000000E+02       -2.00000000E+01        3.47749050E+01        2.25901289E+00    
    1.75000000E+02       -2.00000000E+01        3.33176099E+01        2.61433638E+00    
    1.90000000E+02       -2.00000000E+01        3.14311866E+01        2.47104965E+00    
    2.05000000E+02       -2.00000000E+01        2.92175252E+01        1.91153159E+00    
    2.20000000E+02       -2.00000000E+01        2.67185171E+01        1.13144363E+00    
    2.35000000E+02       -2.00000000E+01        2.40389994E+01        3.83577382E-01    
    2.50000000E+02       -2.00000000E+01        2.14837780E+01        1.65338145E-01    
    2.65000000E+02       -2.00000000E+01        1.95897883E+01        3.10219854E-01    
    2.80000000E+02       -2.00000000E+01        1.89780970E+01        1.68154428E-01    
    2.95000000E+02       -2.00000000E+01        2.00639157E+01        2.43086771E-01    
    3.10000000E+02       -2.00000000E+01        2.27790557E+01        5.53609188E-01    
   -5.00000000E+01       -5.00000000E+00        2.30989486E+01        5.14042118E-01    
   -3.50000000E+01       -5.00000000E+00        2.66680609E+01        6.29841483E-01    
   -2.00000000E+01       -5.00000000E+00        3.00221735E+01        6.33087909E-01    
   -5.00000000E+00       -5.00000000E+00        3.22720150E+01        6.23535237E-01    
    1.00000000E+01       -5.00000000E+00        3.29780157E+01        7.92407500E-01    
    2.50000000E+01       -5.00000000E+00        3.23291724E+01        1.11843264E+00    
    4.00000000E+01       -5.00000000E+00        3.10225362E+01        1.46661422E+00    
    5.50000000E+01       -5.00000000E+00        2.99092734E+01        1.76353973E+00    
    7.00000000E+01       -5.00000000E+00        2.95972439E+01        1.93901816E+00    
    8.50000000E+01       -5.00000000E+00        3.02112878E+01        1.89482485E+00    
    1.00000000E+02       -5.00000000E+00        3.14097533E+01        1.58345754E+00    
    1.15000000E+02       -5.00000000E+00        3.26106196E+01        1.17775101E+00    
    1.30000000E+02       -5.00000000E+00        3.32816396E+01        1.25240015E+00    
    1.45000000E+02       -5.00000000E+00        3.31433150E+01        1.86547565E+00    
    1.60000000E+02       -5.00000000E+00        3.22073558E+01        2.43730817E+00    
    1.75000000E+02       -5.00000000E+00        3.06727797E+01        2.66371872E+00    
    1.90000000E+02       -5.00000000E+00        2.87706753E+01        2.46671458E+00    
    2.05000000E+02       -5.00000000E+00        2.66585466E+01        1.92644527E+00    
    2.20000000E+02       -5.00000000E+00        2.44227177E+01        1.23048798E+00    
    2.35000000E+02       -5.00000000E+00        2.21782780E+01        6.02980478E-01    
    2.50000000E+02       -5.00000000E+00        2.01897939E+01        2.30528329E-01    
    2.65000000E+02       -5.00000000E+00        1.89050365E+01        1.27003837E-01    
    2.80000000E+02       -5.00000000E+00        1.88295850E+01        1.23290859E-01    
    2.95000000E+02       -5.00000000E+00        2.02720536E+01        3.11310036E-01    
    3.10000000E+02       -5.00000000E+00        2.30989486E+01        5.14042118E-01    
   -5.00000000E+01        1.00000000E+01        2.46552261E+01        1.27333619E-01    
   -3.50000000E+01        1.00000000E+01        2.76826506E+01        4.66329010E-01    
   -2.00000000E+01        1.00000000E+01        3.03336196E+01        9.02860956E-01    
   -5.00000000E+00        1.00000000E+01        3.18557944E+01        1.23377417E+00    
    1.00000000E+01        1.00000000E+01        3.19270205E+01        1.36137878E+00    
    2.50000000E+01        1.00000000E+01        3.08078722E+01        1.25738095E+00    
    4.00000000E+01        1.00000000E+01        2.92136104E+01        1.01254109E+00    
    5.50000000E+01        1.00000000E+01        2.79688601E+01        9.43925367E-01    
    7.00000000E+01        1.00000000E+01        2.76288114E+01        1.26026427E+00    
    8.50000000E+01        1.00000000E+01        2.82613735E+01        1.66243241E+00    
    1.00000000E+02        1.00000000E+01        2.94821512E+01        1.94671242E+00    
    1.15000000E+02        1.00000000E+01        3.06902655E+01        2.14974146E+00    
    1.30000000E+02        1.00000000E+01        3.13580988E+01        2.40316925E+00    
    1.45000000E+02        1.00000000E+01        3.12275036E+01        2.71611673E+00    
    1.60000000E+02        1.00000000E+01        3.03410059E+01        2.93075279E+00    
    1.75000000E+02        1.00000000E+01        2.89333250E+01        2.88175136E+00    
    1.90000000E+02        1.00000000E+01        2.72722382E+01        2.51881364E+00    
    2.05000000E+02        1.00000000E+01        2.55447590E+01        1.92565136E+00    
    2.20000000E+02        1.00000000E+01        2.38444492E+01        1.26703774E+00    
    2.35000000E+02        1.00000000E+01        2.22534992E+01        6.94164082E-01    
    2.50000000E+02        1.00000000E+01        2.09537183E+01        2.64645310E-01    
    2.65000000E+02        1.00000000E+01        2.02701719E+01        9.47103681E-02    
    2.80000000E+02        1.00000000E+01        2.05781213E+01        2.58300418E-01    
    2.95000000E+02        1.00000000E+01        2.20919959E+01        2.48058788E-01    
    3.10000000E+02        1.00000000E+01        2.46552261E+01        1.27333619E-01    
   -5.00000000E+01        2.50000000E+01        2.70342672E+01        6.84536293E-01    
   -3.50000000E+01        2.50000000E+01        2.93324533E+01        8.99846464E-01    
   -2.00000000E+01        2.50000000E+01        3.11673873E+01        1.41968066E+00    
   -5.00000000E+00        2.50000000E+01        3.19458767E+01        1.85122988E+00    
    1.00000000E+01        2.50000000E+01        3.14603836E+01        1.97823139E+00    
    2.50000000E+01        2.50000000E+01        3.00158355E+01        1.71478271E+00    
    4.00000000E+01        2.50000000E+01        2.83029350E+01        1.07965866E+00    
    5.50000000E+01        2.50000000E+01        2.70752628E+01        1.86656612E-01    
    7.00000000E+01        2.50000000E+01        2.68026849E+01        7.89577703E-01    
    8.50000000E+01        2.50000000E+01        2.74839985E+01        1.67296540E+00    
    1.00000000E+02        2.50000000E+01        2.87015835E+01        2.35939778E+00    
    1.15000000E+02        2.50000000E+01        2.98613797E+01        2.83877315E+00    
    1.30000000E+02        2.50000000E+01        3.04727935E+01        3.15157399E+00    
    1.45000000E+02        2.50000000E+01        3.03281594E+01        3.30589995E+00    
    1.60000000E+02        2.50000000E+01        2.95187079E+01        3.24498060E+00    
    1.75000000E+02        2.50000000E+01        2.83170002E+01        2.90538570E+00    
    1.90000000E+02        2.50000000E+01        2.70135586E+01        2.29981638E+00    
    2.05000000E+02        2.50000000E+01        2.57986402E+01        1.54967610E+00    
    2.20000000E+02        2.50000000E+01        2.47412022E+01        8.52980503E-01    
    2.35000000E+02        2.50000000E+01        2.38607932E+01        4.51642163E-01    
    2.50000000E+02        2.50000000E+01        2.32353627E+01        5.13254943E-01    
    2.65000000E+02        2.50000000E+01        2.30592678E+01        7.24791134E-01    
    2.80000000E+02        2.50000000E+01        2.35851425E+01        8.62216049E-01    
    2.95000000E+02        2.50000000E+01        2.49573417E+01        8.17709302E-01    
    3.10000000E+02        2.50000000E+01        2.70342672E+01        6.84536293E-01    
   -5.00000000E+01        4.00000000E+01        2.97599110E+01        1.69607153E+00    
   -3.50000000E+01        4.00000000E+01        3.13561562E+01        1.84961615E+00    
   -2.00000000E+01        4.00000000E+01        3.24869915E+01        2.21826619E+00    
   -5.00000000E+00        4.00000000E+01        3.27064792E+01        2.56513480E+00    
    1.00000000E+01        4.00000000E+01        3.18945501E+01        2.65619860E+00    
    2.50000000E+01        4.00000000E+01        3.03634099E+01        2.38108409E+00    
    4.00000000E+01        4.00000000E+01        2.87403632E+01        1.76428669E+00    
    5.50000000E+01        4.00000000E+01        2.76762744E+01        1.02838413E+00    
    7.00000000E+01        4.00000000E+01        2.75384291E+01        9.75185963E-01    
    8.50000000E+01        4.00000000E+01        2.82570109E+01        1.73634597E+00    
    1.00000000E+02        4.00000000E+01        2.93978192E+01        2.51121313E+00    
    1.15000000E+02        4.00000000E+01        3.04006666E+01        3.08886082E+00    
    1.30000000E+02        4.00000000E+01        3.08417348E+01        3.42588590E+00    
    1.45000000E+02        4.00000000E+01        3.05887259E+01        3.50076303E+00    
    1.60000000E+02        4.00000000E+01        2.97955645E+01        3.27710223E+00    
    1.75000000E+02        4.00000000E+01        2.87723314E+01        2.73079093E+00    
    1.90000000E+02        4.00000000E+01        2.78180859E+01        1.90451280E+00    
    2.05000000E+02        4.00000000E+01        2.71032571E+01        9.31941734E-01    
    2.20000000E+02        4.00000000E+01        2.66489000E+01        1.00010013E-04    
    2.35000000E+02        4.00000000E+01        2.63975729E+01        7.37501473E-01    
    2.50000000E+02        4.00000000E+01        2.63238894E+01        1.23581913E+00    
    2.65000000E+02        4.00000000E+01        2.65073749E+01        1.54417915E+00    
    2.80000000E+02        4.00000000E+01        2.71049175E+01        1.70335020E+00    
    2.95000000E+02        4.00000000E+01        2.82218969E+01        1.72075199E+00    
    3.10000000E+02        4.00000000E+01        2.97599110E+01        1.69607153E+00    
   -5.00000000E+01        5.50000000E+01        3.23874020E+01        2.51379745E+00    
   -3.50000000E+01        5.50000000E+01        3.34288547E+01        2.68959198E+00    
   -2.00000000E+01        5.50000000E+01        3.40756728E+01        2.95240984E+00    
   -5.00000000E+00        5.50000000E+01        3.39940123E+01        3.17765778E+00    
    1.00000000E+01        5.50000000E+01        3.31116732E+01        3.20812469E+00    
    2.50000000E+01        5.50000000E+01        3.17130972E+01        2.94288694E+00    
    4.00000000E+01        5.50000000E+01        3.03379963E+01        2.37596329E+00    
    5.50000000E+01        5.50000000E+01        2.95237924E+01        1.63844635E+00    
    7.00000000E+01        5.50000000E+01        2.95373343E+01        1.15984666E+00    
    8.50000000E+01        5.50000000E+01        3.02523664E+01        1.52039310E+00    
    1.00000000E+02        5.50000000E+01        3.12362676E+01        2.24532644E+00    
    1.15000000E+02        5.50000000E+01        3.19827141E+01        2.86993601E+00    
    1.30000000E+02        5.50000000E+01        3.21529916E+01        3.25465447E+00    
    1.45000000E+02        5.50000000E+01        3.17038791E+01        3.35184824E+00    
    1.60000000E+02        5.50000000E+01        3.08581250E+01        3.13571367E+00    
    1.75000000E+02        5.50000000E+01        2.99593727E+01        2.60795734E+00    
    1.90000000E+02        5.50000000E+01        2.93011373E+01        1.85167420E+00    
    2.05000000E+02        5.50000000E+01        2.90143035E+01        1.13461380E+00    
    2.20000000E+02        5.50000000E+01        2.90554520E+01        1.04610544E+00    
    2.35000000E+02        5.50000000E+01        2.92863425E+01        1.49741437E+00    
    2.50000000E+02        5.50000000E+01        2.95927097E+01        1.90542378E+00    
    2.65000000E+02        5.50000000E+01        2.99700339E+01        2.16548935E+00    
    2.80000000E+02        5.50000000E+01        3.05176781E+01        2.32372246E+00    
    2.95000000E+02        5.50000000E+01        3.13356712E+01        2.42050245E+00    
    3.10000000E+02        5.50000000E+01        3.23874020E+01        2.51379745E+00    
   -5.00000000E+01        7.00000000E+01        3.44599229E+01        2.81996539E+00    
   -3.50000000E+01        7.00000000E+01        3.51013053E+01        3.06388419E+00    
   -2.00000000E+01        7.00000000E+01        3.54657994E+01        3.27292598E+00    
   -5.00000000E+00        7.00000000E+01        3.52877865E+01        3.40081082E+00    
    1.00000000E+01        7.00000000E+01        3.45038680E+01        3.38130392E+00    
    2.50000000E+01        7.00000000E+01        3.33473539E+01        3.13754444E+00    
    4.00000000E+01        7.00000000E+01        3.22665203E+01        2.61889857E+00    
    5.50000000E+01        7.00000000E+01        3.16975101E+01        1.85284354E+00    
    7.00000000E+01        7.00000000E+01        3.18269562E+01        1.02690757E+00    
    8.50000000E+01        7.00000000E+01        3.24920847E+01        8.83957053E-01    
    1.00000000E+02        7.00000000E+01        3.32759225E+01        1.58850672E+00    
    1.15000000E+02        7.00000000E+01        3.37328646E+01        2.27760875E+00    
    1.30000000E+02        7.00000000E+01        3.36108990E+01        2.73882244E+00    
    1.45000000E+02        7.00000000E+01        3.29547457E+01        2.94402553E+00    
    1.60000000E+02        7.00000000E+01        3.20524732E+01        2.90386026E+00    
    1.75000000E+02        7.00000000E+01        3.12734154E+01        2.65084024E+00    
    1.90000000E+02        7.00000000E+01        3.08917940E+01        2.28483674E+00    
    2.05000000E+02        7.00000000E+01        3.09818545E+01        2.00558323E+00    
    2.20000000E+02        7.00000000E+01        3.14227032E+01        1.97878354E+00    
    2.35000000E+02        7.00000000E+01        3.19955693E+01        2.11381030E+00    
    2.50000000E+02        7.00000000E+01        3.25162897E+01        2.22696645E+00    
    2.65000000E+02        7.00000000E+01        3.29315321E+01        2.29017523E+00    
    2.80000000E+02        7.00000000E+01        3.33241479E+01        2.39152408E+00    
    2.95000000E+02        7.00000000E+01        3.38212743E+01        2.57947055E+00    
    3.10000000E+02        7.00000000E+01        3.44599229E+01        2.81996539E+00    
   -5.00000000E+01        8.50000000E+01        3.54848188E+01        2.54626018E+00    
   -3.50000000E+01        8.50000000E+01        3.58231679E+01        2.87568057E+00    
   -2.00000000E+01        8.50000000E+01        3.60214874E+01        3.05275344E+00    
   -5.00000000E+00        8.50000000E+01        3.58411195E+01        3.11028580E+00    
    1.00000000E+01        8.50000000E+01        3.51971823E+01        3.07762194E+00    
    2.50000000E+01        8.50000000E+01        3.42634366E+01        2.90787237E+00    
    4.00000000E+01        8.50000000E+01        3.34114932E+01        2.51040907E+00    
    5.50000000E+01        8.50000000E+01        3.30060731E+01        1.84365140E+00    
    7.00000000E+01        8.50000000E+01        3.31854849E+01        9.62404908E-01    
    8.50000000E+01        8.50000000E+01        3.37725000E+01        1.00010084E-04    
    1.00000000E+02        8.50000000E+01        3.43721870E+01        8.83972724E-01    
    1.15000000E+02        8.50000000E+01        3.45921097E+01        1.57153039E+00    
    1.30000000E+02        8.50000000E+01        3.42524340E+01        2.03942380E+00    
    1.45000000E+02        8.50000000E+01        3.34715359E+01        2.34560848E+00    
    1.60000000E+02        8.50000000E+01        3.25917162E+01        2.55120011E+00    
    1.75000000E+02        8.50000000E+01        3.19981204E+01        2.67079834E+00    
    1.90000000E+02        8.50000000E+01        3.19336403E+01        2.70283035E+00    
    2.05000000E+02        8.50000000E+01        3.24017051E+01        2.66648773E+00    
    2.20000000E+02        8.50000000E+01        3.31929742E+01        2.57720118E+00    
    2.35000000E+02        8.50000000E+01        3.40084802E+01        2.40807736E+00    
    2.50000000E+02        8.50000000E+01        3.46112863E+01        2.13561036E+00    
    2.65000000E+02        8.50000000E+01        3.49314120E+01        1.85816759E+00    
    2.80000000E+02        8.50000000E+01        3.50726056E+01        1.82338970E+00    
    2.95000000E+02        8.50000000E+01        3.52176494E+01        2.12609253E+00    
    3.10000000E+02        8.50000000E+01        3.54848188E+01        2.54626018E+00    
   -5.00000000E+01        1.00000000E+02        3.50480806E+01        1.91816955E+00    
   -3.50000000E+01        1.00000000E+02        3.51202250E+01        2.29312779E+00    
   -2.00000000E+01        1.00000000E+02        3.51886280E+01        2.41160527E+00    
   -5.00000000E+00        1.00000000E+02        3.50087887E+01        2.39763407E+00    
    1.00000000E+01        1.00000000E+02        3.44551650E+01        2.38430996E+00    
    2.50000000E+01        1.00000000E+02        3.36455287E+01        2.35469002E+00    
    4.00000000E+01        1.00000000E+02        3.29003177E+01        2.17730147E+00    
    5.50000000E+01        1.00000000E+02        3.25500091E+01        1.77716327E+00    
    7.00000000E+01        1.00000000E+02        3.27186481E+01        1.22098210E+00    
    8.50000000E+01        1.00000000E+02        3.32329326E+01        7.58433686E-01    
    1.00000000E+02        1.00000000E+02        3.37177536E+01        7.78626879E-01    
    1.15000000E+02        1.00000000E+02        3.38152531E+01        1.05440276E+00    
    1.30000000E+02        1.00000000E+02        3.33929634E+01        1.30885576E+00    
    1.45000000E+02        1.00000000E+02        3.26217108E+01        1.62086904E+00    
    1.60000000E+02        1.00000000E+02        3.18845809E+01        2.05012164E+00    
    1.75000000E+02        1.00000000E+02        3.15744906E+01        2.49517889E+00    
    1.90000000E+02        1.00000000E+02        3.18954410E+01        2.81299472E+00    
    2.05000000E+02        1.00000000E+02        3.27707625E+01        2.91602454E+00    
    2.20000000E+02        1.00000000E+02        3.38947433E+01        2.78081834E+00    
    2.35000000E+02        1.00000000E+02        3.48881769E+01        2.41419860E+00    
    2.50000000E+02        1.00000000E+02        3.54743713E+01        1.83647930E+00    
    2.65000000E+02        1.00000000E+02        3.55921027E+01        1.14544603E+00    
    2.80000000E+02        1.00000000E+02        3.53959397E+01        8.10903157E-01    
    2.95000000E+02        1.00000000E+02        3.51466522E+01        1.31010172E+00    
    3.10000000E+02        1.00000000E+02        3.50480806E+01        1.91816955E+00    
   -5.00000000E+01        1.15000000E+02        3.30303417E+01        1.35275735E+00    
   -3.50000000E+01        1.15000000E+02        3.28506954E+01        1.63451649E+00    
   -2.00000000E+01        1.15000000E+02        3.27937202E+01        1.62665587E+00    
   -5.00000000E+00        1.15000000E+02        3.25863548E+01        1.50119219E+00    
    1.00000000E+01        1.15000000E+02        3.20529033E+01        1.49643013E+00    
    2.50000000E+01        1.15000000E+02        3.12648126E+01        1.62155059E+00    
    4.00000000E+01        1.15000000E+02        3.05178848E+01        1.68025851E+00    
    5.50000000E+01        1.15000000E+02        3.01419770E+01        1.56646951E+00    
    7.00000000E+01        1.15000000E+02        3.02744165E+01        1.32289757E+00    
    8.50000000E+01        1.15000000E+02        3.07565924E+01        1.06992683E+00    
    1.00000000E+02        1.15000000E+02        3.12239116E+01        8.90433890E-01    
    1.15000000E+02        1.15000000E+02        3.13292011E+01        7.31352654E-01    
    1.30000000E+02        1.15000000E+02        3.09598083E+01        6.16330065E-01    
    1.45000000E+02        1.15000000E+02        3.03179087E+01        8.99124856E-01    
    1.60000000E+02        1.15000000E+02        2.98168637E+01        1.51833609E+00    
    1.75000000E+02        1.15000000E+02        2.98549072E+01        2.15755421E+00    
    1.90000000E+02        1.15000000E+02        3.05971954E+01        2.61452080E+00    
    2.05000000E+02        1.15000000E+02        3.18857787E+01        2.77884730E+00    
    2.20000000E+02        1.15000000E+02        3.33168730E+01        2.63605626E+00    
    2.35000000E+02        1.15000000E+02        3.44329496E+01        2.23886592E+00    
    2.50000000E+02        1.15000000E+02        3.49271137E+01        1.64858004E+00    
    2.65000000E+02        1.15000000E+02        3.47642156E+01        9.18901356E-01    
    2.80000000E+02        1.15000000E+02        3.41694393E+01        2.68438059E-01    
    2.95000000E+02        1.15000000E+02        3.34950783E+01        7.81398462E-01    
    3.10000000E+02        1.15000000E+02        3.30303417E+01        1.35275735E+00    
   -5.00000000E+01        1.30000000E+02        2.97745505E+01        1.07068727E+00    
   -3.50000000E+01        1.30000000E+02        2.93795470E+01        1.11323890E+00    
   -2.00000000E+01        1.30000000E+02        2.92193618E+01        9.69058053E-01    
   -5.00000000E+00        1.30000000E+02        2.89789727E+01        7.09257378E-01    
    1.00000000E+01        1.30000000E+02        2.84301866E+01        6.38199782E-01    
    2.50000000E+01        1.30000000E+02        2.76088932E+01        8.54430754E-01    
    4.00000000E+01        1.30000000E+02        2.68071446E+01        1.05564618E+00    
    5.50000000E+01        1.30000000E+02        2.63779046E+01        1.11664048E+00    
    7.00000000E+01        1.30000000E+02        2.64890676E+01        1.04517116E+00    
    8.50000000E+01        1.30000000E+02        2.69999896E+01        8.83209797E-01    
    1.00000000E+02        1.30000000E+02        2.75438791E+01        6.70743354E-01    
    1.15000000E+02        1.30000000E+02        2.77606213E+01        3.95766236E-01    
    1.30000000E+02        1.30000000E+02        2.75324000E+01        1.00010084E-04    
    1.45000000E+02        1.30000000E+02        2.70752845E+01        5.37217495E-01    
    1.60000000E+02        1.30000000E+02        2.68269787E+01        1.16313612E+00    
    1.75000000E+02        1.30000000E+02        2.71950499E+01        1.76188002E+00    
    1.90000000E+02        1.30000000E+02        2.83150745E+01        2.18384785E+00    
    2.05000000E+02        1.30000000E+02        2.99578262E+01        2.31842884E+00    
    2.20000000E+02        1.30000000E+02        3.16300326E+01        2.17379341E+00    
    2.35000000E+02        1.30000000E+02        3.28034284E+01        1.87652358E+00    
    2.50000000E+02        1.30000000E+02        3.31490061E+01        1.56175328E+00    
    2.65000000E+02        1.30000000E+02        3.26666101E+01        1.27290790E+00    
    2.80000000E+02        1.30000000E+02        3.16594490E+01        1.03855492E+00    
    2.95000000E+02        1.30000000E+02        3.05730036E+01        9.74144228E-01    
    3.10000000E+02        1.30000000E+02        2.97745505E+01        1.07068727E+00    
   -5.00000000E+01        1.45000000E+02        2.60622395E+01        8.16262791E-01    
   -3.50000000E+01        1.45000000E+02        2.55345716E+01        6.51007888E-01    
   -2.00000000E+01        1.45000000E+02        2.53332033E+01        5.29407282E-01    
   -5.00000000E+00        1.45000000E+02        2.50951277E+01        3.38000383E-01    
    1.00000000E+01        1.45000000E+02        2.45422392E+01        7.20731932E-02    
    2.50000000E+01        1.45000000E+02        2.36844462E+01        2.24603533E-01    
    4.00000000E+01        1.45000000E+02        2.28236757E+01        4.43250200E-01    
    5.50000000E+01        1.45000000E+02        2.23498943E+01        5.62124325E-01    
    7.00000000E+01        1.45000000E+02        2.24709562E+01        5.61354067E-01    
    8.50000000E+01        1.45000000E+02        2.30643662E+01        4.39534034E-01    
    1.00000000E+02        1.45000000E+02        2.37501940E+01        2.71055027E-01    
    1.15000000E+02        1.45000000E+02        2.41361890E+01        2.58477507E-01    
    1.30000000E+02        1.45000000E+02        2.40785720E+01        4.27194578E-01    
    1.45000000E+02        1.45000000E+02        2.37920894E+01        6.47566716E-01    
    1.60000000E+02        1.45000000E+02        2.37339913E+01        9.38011507E-01    
    1.75000000E+02        1.45000000E+02        2.43281486E+01        1.28663734E+00    
    1.90000000E+02        1.45000000E+02        2.56972939E+01        1.55190516E+00    
    2.05000000E+02        1.45000000E+02        2.75628810E+01        1.58339484E+00    
    2.20000000E+02        1.45000000E+02        2.93637124E+01        1.40119336E+00    
    2.35000000E+02        1.45000000E+02        3.05172370E+01        1.25471699E+00    
    2.50000000E+02        1.45000000E+02        3.06812660E+01        1.32919441E+00    
    2.65000000E+02        1.45000000E+02        2.98918004E+01        1.42462518E+00    
    2.80000000E+02        1.45000000E+02        2.85241275E+01        1.33700450E+00    
    2.95000000E+02        1.45000000E+02        2.71047194E+01        1.08394603E+00    
    3.10000000E+02        1.45000000E+02        2.60622395E+01        8.16262791E-01    
   -5.00000000E+01        1.60000000E+02        2.28680737E+01        5.24832869E-01    
   -3.50000000E+01        1.60000000E+02        2.23278629E+01        1.63037005E-01    
   -2.00000000E+01        1.60000000E+02        2.21754565E+01        2.80238487E-01    
   -5.00000000E+00        1.60000000E+02        2.19991348E+01        3.83800770E-01    
    1.00000000E+01        1.60000000E+02        2.14767455E+01        3.18688384E-01    
    2.50000000E+01        1.60000000E+02        2.06003234E+01        1.53901083E-01    
    4.00000000E+01        1.60000000E+02        1.96896451E+01        4.96936834E-02    
    5.50000000E+01        1.60000000E+02        1.91792264E+01        1.49166917E-01    
    7.00000000E+01        1.60000000E+02        1.93232918E+01        1.66362341E-01    
    8.50000000E+01        1.60000000E+02        2.00201556E+01        7.29645936E-02    
    1.00000000E+02        1.60000000E+02        2.08726436E+01        1.49310115E-01    
    1.15000000E+02        1.60000000E+02        2.14447217E+01        3.57116434E-01    
    1.30000000E+02        1.60000000E+02        2.15500066E+01        5.19055959E-01    
    1.45000000E+02        1.60000000E+02        2.13855418E+01        5.75134455E-01    
    1.60000000E+02        1.60000000E+02        2.14186442E+01        5.62840723E-01    
    1.75000000E+02        1.60000000E+02        2.20928833E+01        6.62358473E-01    
    1.90000000E+02        1.60000000E+02        2.35367706E+01        8.10054027E-01    
    2.05000000E+02        1.60000000E+02        2.54527018E+01        7.45397098E-01    
    2.20000000E+02        1.60000000E+02        2.72445913E+01        4.42018554E-01    
    2.35000000E+02        1.60000000E+02        2.83012273E+01        5.48219562E-01    
    2.50000000E+02        1.60000000E+02        2.82785579E+01        1.04823813E+00    
    2.65000000E+02        1.60000000E+02        2.72443211E+01        1.34290160E+00    
    2.80000000E+02        1.60000000E+02        2.56287979E+01        1.29719651E+00    
    2.95000000E+02        1.60000000E+02        2.40151247E+01        9.72366851E-01    
    3.10000000E+02        1.60000000E+02        2.28680737E+01        5.24832869E-01    
   -5.00000000E+01        1.75000000E+02        2.10073891E+01        4.70040351E-01    
   -3.50000000E+01        1.75000000E+02        2.05747978E+01        2.42766964E-01    
   -2.00000000E+01        1.75000000E+02        2.05563379E+01        2.43682782E-01    
   -5.00000000E+00        1.75000000E+02        2.04948583E+01        3.09490659E-01    
    1.00000000E+01        1.75000000E+02        2.00320383E+01        2.76558218E-01    
    2.50000000E+01        1.75000000E+02        1.91485491E+01        1.64406935E-01    
    4.00000000E+01        1.75000000E+02        1.81853997E+01        5.75672909E-02    
    5.50000000E+01        1.75000000E+02        1.76244578E+01        5.49968721E-03    
    7.00000000E+01        1.75000000E+02        1.77715025E+01        3.59962047E-03    
    8.50000000E+01        1.75000000E+02        1.85528747E+01        5.65199086E-02    
    1.00000000E+02        1.75000000E+02        1.95594919E+01        1.38748338E-01    
    1.15000000E+02        1.75000000E+02        2.03100981E+01        2.08128899E-01    
    1.30000000E+02        1.75000000E+02        2.05648828E+01        2.74402818E-01    
    1.45000000E+02        1.75000000E+02        2.04852510E+01        2.72857375E-01    
    1.60000000E+02        1.75000000E+02        2.05314220E+01        1.17014039E-01    
    1.75000000E+02        1.75000000E+02        2.11609152E+01        2.37531500E-01    
    1.90000000E+02        1.75000000E+02        2.25210134E+01        4.98907633E-01    
    2.05000000E+02        1.75000000E+02        2.43254094E+01        5.49357549E-01    
    2.20000000E+02        1.75000000E+02        2.59805133E+01        4.70125908E-01    
    2.35000000E+02        1.75000000E+02        2.68770083E+01        7.00875074E-01    
    2.50000000E+02        1.75000000E+02        2.66824318E+01        1.07617269E+00    
    2.65000000E+02        1.75000000E+02        2.54898895E+01        1.24503426E+00    
    2.80000000E+02        1.75000000E+02        2.37626686E+01        1.12250728E+00    
    2.95000000E+02        1.75000000E+02        2.21109822E+01        8.08762112E-01    
    3.10000000E+02        1.75000000E+02        2.10073891E+01        4.70040351E-01    
   -5.00000000E+01        1.90000000E+02        2.08587090E+01        4.18257235E-01    
   -3.50000000E+01        1.90000000E+02        2.06087981E+01        4.15600498E-01    
   -2.00000000E+01        1.90000000E+02        2.07713425E+01        2.65408937E-01    
   -5.00000000E+00        1.90000000E+02        2.08505353E+01        7.10344394E-02    
    1.00000000E+01        1.90000000E+02        2.04606428E+01        4.70181676E-02    
    2.50000000E+01        1.90000000E+02        1.95750319E+01        7.14237218E-02    
    4.00000000E+01        1.90000000E+02        1.85536953E+01        5.70233234E-02    
    5.50000000E+01        1.90000000E+02        1.79216844E+01        2.70894613E-02    
    7.00000000E+01        1.90000000E+02        1.80367831E+01        7.39647683E-03    
    8.50000000E+01        1.90000000E+02        1.88616803E+01        5.19705949E-02    
    1.00000000E+02        1.90000000E+02        1.99885915E+01        8.29420014E-02    
    1.15000000E+02        1.90000000E+02        2.09011297E+01        1.48506427E-01    
    1.30000000E+02        1.90000000E+02        2.13048141E+01        3.61934957E-01    
    1.45000000E+02        1.90000000E+02        2.13104583E+01        5.90403575E-01    
    1.60000000E+02        1.90000000E+02        2.13492974E+01        7.18032292E-01    
    1.75000000E+02        1.90000000E+02        2.18770358E+01        7.67843601E-01    
    1.90000000E+02        1.90000000E+02        2.30613090E+01        8.12916633E-01    
    2.05000000E+02        1.90000000E+02        2.46478674E+01        8.46747887E-01    
    2.20000000E+02        1.90000000E+02        2.60767585E+01        9.14155270E-01    
    2.35000000E+02        1.90000000E+02        2.67683073E+01        1.08286063E+00    
    2.50000000E+02        1.90000000E+02        2.64150766E+01        1.21077928E+00    
    2.65000000E+02        1.90000000E+02        2.51312229E+01        1.11293820E+00    
    2.80000000E+02        1.90000000E+02        2.33946637E+01        7.86323128E-01    
    2.95000000E+02        1.90000000E+02        2.18179320E+01        4.58635718E-01    
    3.10000000E+02        1.90000000E+02        2.08587090E+01        4.18257235E-01    
   -5.00000000E+01        2.05000000E+02        2.22778771E+01        6.04226513E-01    
   -3.50000000E+01        2.05000000E+02        2.22148965E+01        7.23225539E-01    
   -2.00000000E+01        2.05000000E+02        2.25543207E+01        6.07168164E-01    
   -5.00000000E+00        2.05000000E+02        2.27707993E+01        4.47266045E-01    
    1.00000000E+01        2.05000000E+02        2.24595623E+01        3.58121435E-01    
    2.50000000E+01        2.05000000E+02        2.15877190E+01        2.64553600E-01    
    4.00000000E+01        2.05000000E+02        2.05257642E+01        1.38287470E-01    
    5.50000000E+01        2.05000000E+02        1.98286499E+01        8.05803593E-02    
    7.00000000E+01        2.05000000E+02        1.98973868E+01        1.13309208E-01    
    8.50000000E+01        2.05000000E+02        2.07344478E+01        1.24848797E-01    
    1.00000000E+02        2.05000000E+02        2.19491222E+01        2.10535395E-01    
    1.15000000E+02        2.05000000E+02        2.30092459E+01        4.26419453E-01    
    1.30000000E+02        2.05000000E+02        2.35760686E+01        7.54915881E-01    
    1.45000000E+02        2.05000000E+02        2.37035998E+01        1.07709519E+00    
    1.60000000E+02        2.05000000E+02        2.37742975E+01        1.23480515E+00    
    1.75000000E+02        2.05000000E+02        2.42205494E+01        1.15812894E+00    
    1.90000000E+02        2.05000000E+02        2.52196141E+01        9.03746040E-01    
    2.05000000E+02        2.05000000E+02        2.65543473E+01        6.70639536E-01    
    2.20000000E+02        2.05000000E+02        2.77147116E+01        7.88688779E-01    
    2.35000000E+02        2.05000000E+02        2.81684723E+01        1.10050319E+00    
    2.50000000E+02        2.05000000E+02        2.76441292E+01        1.23064763E+00    
    2.65000000E+02        2.05000000E+02        2.62776517E+01        1.02080144E+00    
    2.80000000E+02        2.05000000E+02        2.45539556E+01        5.36320984E-01    
    2.95000000E+02        2.05000000E+02        2.30764311E+01        2.69198606E-01    
    3.10000000E+02        2.05000000E+02        2.22778771E+01        6.04226513E-01    
   -5.00000000E+01        2.20000000E+02        2.46971090E+01        1.36700770E+00    
   -3.50000000E+01        2.20000000E+02        2.47680911E+01        1.38614222E+00    
   -2.00000000E+01        2.20000000E+02        2.52448469E+01        1.22334060E+00    
   -5.00000000E+00        2.20000000E+02        2.55805103E+01        9.69040226E-01    
    1.00000000E+01        2.20000000E+02        2.53575563E+01        6.81393439E-01    
    2.50000000E+01        2.20000000E+02        2.45358667E+01        3.49805534E-01    
    4.00000000E+01        2.20000000E+02        2.34849000E+01        1.00010013E-04    
    5.50000000E+01        2.20000000E+02        2.27704098E+01        2.83201432E-01    
    7.00000000E+01        2.20000000E+02        2.28195154E+01        4.12576154E-01    
    8.50000000E+01        2.20000000E+02        2.36699974E+01        3.49777106E-01    
    1.00000000E+02        2.20000000E+02        2.49603320E+01        1.52117612E-01    
    1.15000000E+02        2.20000000E+02        2.61645772E+01        3.94476738E-01    
    1.30000000E+02        2.20000000E+02        2.69181648E+01        9.03748455E-01    
    1.45000000E+02        2.20000000E+02        2.72221684E+01        1.36900399E+00    
    1.60000000E+02        2.20000000E+02        2.73980013E+01        1.59749211E+00    
    1.75000000E+02        2.20000000E+02        2.78340362E+01        1.47517951E+00    
    1.90000000E+02        2.20000000E+02        2.86986343E+01        1.00864156E+00    
    2.05000000E+02        2.20000000E+02        2.98021887E+01        3.05428349E-01    
    2.20000000E+02        2.20000000E+02        3.06844955E+01        4.73422854E-01    
    2.35000000E+02        2.20000000E+02        3.08666106E+01        1.10691199E+00    
    2.50000000E+02        2.20000000E+02        3.01207061E+01        1.43239364E+00    
    2.65000000E+02        2.20000000E+02        2.86117011E+01        1.41477418E+00    
    2.80000000E+02        2.20000000E+02        2.68371139E+01        1.24386961E+00    
    2.95000000E+02        2.20000000E+02        2.53952181E+01        1.23314854E+00    
    3.10000000E+02        2.20000000E+02        2.46971090E+01        1.36700770E+00    
   -5.00000000E+01        2.35000000E+02        2.73293682E+01        2.14956643E+00    
   -3.50000000E+01        2.35000000E+02        2.74794900E+01        2.07965991E+00    
   -2.00000000E+01        2.35000000E+02        2.80631139E+01        1.85552083E+00    
   -5.00000000E+00        2.35000000E+02        2.85132127E+01        1.50574650E+00    
    1.00000000E+01        2.35000000E+02        2.84013515E+01        1.05547592E+00    
    2.50000000E+01        2.35000000E+02        2.76792650E+01        5.48905916E-01    
    4.00000000E+01        2.35000000E+02        2.67072604E+01        3.25398168E-01    
    5.50000000E+01        2.35000000E+02        2.60459380E+01        6.47674095E-01    
    7.00000000E+01        2.35000000E+02        2.61308059E+01        8.54829949E-01    
    8.50000000E+01        2.35000000E+02        2.70253254E+01        7.90349409E-01    
    1.00000000E+02        2.35000000E+02        2.84019241E+01        4.75740472E-01    
    1.15000000E+02        2.35000000E+02        2.97573815E+01        3.92599484E-01    
    1.30000000E+02        2.35000000E+02        3.07194930E+01        1.01289425E+00    
    1.45000000E+02        2.35000000E+02        3.12458217E+01        1.64410861E+00    
    1.60000000E+02        2.35000000E+02        3.15929173E+01        2.01461965E+00    
    1.75000000E+02        2.35000000E+02        3.20907192E+01        1.99597047E+00    
    1.90000000E+02        2.35000000E+02        3.28801995E+01        1.61123602E+00    
    2.05000000E+02        2.35000000E+02        3.37831039E+01        1.08564977E+00    
    2.20000000E+02        2.35000000E+02        3.43793364E+01        9.86877922E-01    
    2.35000000E+02        2.35000000E+02        3.42417767E+01        1.43497458E+00    
    2.50000000E+02        2.35000000E+02        3.31929627E+01        1.84686362E+00    
    2.65000000E+02        2.35000000E+02        3.14397439E+01        2.02977721E+00    
    2.80000000E+02        2.35000000E+02        2.95079591E+01        2.06984438E+00    
    2.95000000E+02        2.35000000E+02        2.80049138E+01        2.11039000E+00    
    3.10000000E+02        2.35000000E+02        2.73293682E+01        2.14956643E+00    
   -5.00000000E+01        2.50000000E+02        2.93936762E+01        2.55647949E+00    
   -3.50000000E+01        2.50000000E+02        2.96422347E+01        2.46278164E+00    
   -2.00000000E+01        2.50000000E+02        3.03699443E+01        2.25147942E+00    
   -5.00000000E+00        2.50000000E+02        3.09792021E+01        1.90293485E+00    
    1.00000000E+01        2.50000000E+02        3.10259517E+01        1.40293058E+00    
    2.50000000E+01        2.50000000E+02        3.04544389E+01        8.20098195E-01    
    4.00000000E+01        2.50000000E+02        2.96168169E+01        5.67047641E-01    
    5.50000000E+01        2.50000000E+02        2.90647694E+01        9.40139251E-01    
    7.00000000E+01        2.50000000E+02        2.92334669E+01        1.27145937E+00    
    8.50000000E+01        2.50000000E+02        3.02035683E+01        1.33368577E+00    
    1.00000000E+02        2.50000000E+02        3.16792523E+01        1.18301407E+00    
    1.15000000E+02        2.50000000E+02        3.31858241E+01        1.15425261E+00    
    1.30000000E+02        2.50000000E+02        3.43535707E+01        1.57904223E+00    
    1.45000000E+02        2.50000000E+02        3.51050047E+01        2.18999648E+00    
    1.60000000E+02        2.50000000E+02        3.56340861E+01        2.62195201E+00    
    1.75000000E+02        2.50000000E+02        3.62072009E+01        2.68970883E+00    
    1.90000000E+02        2.50000000E+02        3.69273705E+01        2.38552256E+00    
    2.05000000E+02        2.50000000E+02        3.76158289E+01        1.87815427E+00    
    2.20000000E+02        2.50000000E+02        3.78844217E+01        1.52871722E+00    
    2.35000000E+02        2.50000000E+02        3.73575606E+01        1.65263781E+00    
    2.50000000E+02        2.50000000E+02        3.59173145E+01        2.01977877E+00    
    2.65000000E+02        2.50000000E+02        3.38289961E+01        2.31912526E+00    
    2.80000000E+02        2.50000000E+02        3.16653097E+01        2.48393074E+00    
    2.95000000E+02        2.50000000E+02        3.00565527E+01        2.55620734E+00    
    3.10000000E+02        2.50000000E+02        2.93936762E+01        2.55647949E+00    
   -5.00000000E+01        2.65000000E+02        3.03064830E+01        2.38479875E+00    
   -3.50000000E+01        2.65000000E+02        3.07997860E+01        2.32573064E+00    
   -2.00000000E+01        2.65000000E+02        3.18145185E+01        2.21480380E+00    
   -5.00000000E+00        2.65000000E+02        3.26998327E+01        1.96656714E+00    
    1.00000000E+01        2.65000000E+02        3.29851011E+01        1.49819303E+00    
    2.50000000E+01        2.65000000E+02        3.26099325E+01        8.35105879E-01    
    4.00000000E+01        2.65000000E+02        3.19299875E+01        4.28826664E-01    
    5.50000000E+01        2.65000000E+02        3.14997911E+01        9.97505776E-01    
    7.00000000E+01        2.65000000E+02        3.17593416E+01        1.55064786E+00    
    8.50000000E+01        2.65000000E+02        3.28040428E+01        1.84295593E+00    
    1.00000000E+02        2.65000000E+02        3.43635494E+01        1.92676210E+00    
    1.15000000E+02        2.65000000E+02        3.59865969E+01        2.03353577E+00    
    1.30000000E+02        2.65000000E+02        3.73051480E+01        2.38100995E+00    
    1.45000000E+02        2.65000000E+02        3.82102457E+01        2.88051315E+00    
    1.60000000E+02        2.65000000E+02        3.88389903E+01        3.25841633E+00    
    1.75000000E+02        2.65000000E+02        3.93991227E+01        3.30980569E+00    
    1.90000000E+02        2.65000000E+02        3.99581727E+01        2.97793383E+00    
    2.05000000E+02        2.65000000E+02        4.03379377E+01        2.35426552E+00    
    2.20000000E+02        2.65000000E+02        4.01851413E+01        1.68728096E+00    
    2.35000000E+02        2.65000000E+02        3.91836722E+01        1.40700674E+00    
    2.50000000E+02        2.65000000E+02        3.72886243E+01        1.67330494E+00    
    2.65000000E+02        2.65000000E+02        3.48397187E+01        2.06346377E+00    
    2.80000000E+02        2.65000000E+02        3.24691585E+01        2.31528690E+00    
    2.95000000E+02        2.65000000E+02        3.08335373E+01        2.40148360E+00    
    3.10000000E+02        2.65000000E+02        3.03064830E+01        2.38479875E+00    
   -5.00000000E+01        2.80000000E+02        2.98247094E+01        1.68892609E+00    
   -3.50000000E+01        2.80000000E+02        3.08184165E+01        1.69800303E+00    
   -2.00000000E+01        2.80000000E+02        3.23445299E+01        1.76341741E+00    
   -5.00000000E+00        2.80000000E+02        3.36712069E+01        1.69340026E+00    
    1.00000000E+01        2.80000000E+02        3.42889902E+01        1.33445140E+00    
    2.50000000E+01        2.80000000E+02        3.41388562E+01        6.77769961E-01    
    4.00000000E+01        2.80000000E+02        3.35997205E+01        2.73122042E-01    
    5.50000000E+01        2.80000000E+02        3.32523080E+01        1.10406608E+00    
    7.00000000E+01        2.80000000E+02        3.35577877E+01        1.81864145E+00    
    8.50000000E+01        2.80000000E+02        3.46298508E+01        2.27531966E+00    
    1.00000000E+02        2.80000000E+02        3.62156667E+01        2.50440144E+00    
    1.15000000E+02        2.80000000E+02        3.78746146E+01        2.67778153E+00    
    1.30000000E+02        2.80000000E+02        3.92307136E+01        2.97601338E+00    
    1.45000000E+02        2.80000000E+02        4.01423398E+01        3.37895097E+00    
    1.60000000E+02        2.80000000E+02        4.06975134E+01        3.68216544E+00    
    1.75000000E+02        2.80000000E+02        4.10589935E+01        3.68545046E+00    
    1.90000000E+02        2.80000000E+02        4.12746599E+01        3.29924771E+00    
    2.05000000E+02        2.80000000E+02        4.11830645E+01        2.55929854E+00    
    2.20000000E+02        2.80000000E+02        4.04824097E+01        1.61673436E+00    
    2.35000000E+02        2.80000000E+02        3.89329862E+01        8.11923713E-01    
    2.50000000E+02        2.80000000E+02        3.65780859E+01        9.14132305E-01    
    2.65000000E+02        2.80000000E+02        3.38412326E+01        1.42454973E+00    
    2.80000000E+02        2.80000000E+02        3.14134688E+01        1.71411931E+00    
    2.95000000E+02        2.80000000E+02        2.99643862E+01        1.75199165E+00    
    3.10000000E+02        2.80000000E+02        2.98247094E+01        1.68892609E+00    
   -5.00000000E+01        2.95000000E+02        2.81363916E+01        7.67993359E-01    
   -3.50000000E+01        2.95000000E+02        2.98907851E+01        8.94451979E-01    
   -2.00000000E+01        2.95000000E+02        3.21326646E+01        1.20335043E+00    
   -5.00000000E+00        2.95000000E+02        3.40304892E+01        1.34244811E+00    
    1.00000000E+01        2.95000000E+02        3.50315667E+01        1.20302778E+00    
    2.50000000E+01        2.95000000E+02        3.50893642E+01        9.42407361E-01    
    4.00000000E+01        2.95000000E+02        3.46289944E+01        1.06331532E+00    
    5.50000000E+01        2.95000000E+02        3.42834589E+01        1.63670549E+00    
    7.00000000E+01        2.95000000E+02        3.45539410E+01        2.22847673E+00    
    8.50000000E+01        2.95000000E+02        3.55770709E+01        2.61713681E+00    
    1.00000000E+02        2.95000000E+02        3.71081056E+01        2.78536706E+00    
    1.15000000E+02        2.95000000E+02        3.87005506E+01        2.88166205E+00    
    1.30000000E+02        2.95000000E+02        3.99567707E+01        3.09798753E+00    
    1.45000000E+02        2.95000000E+02        4.06991949E+01        3.44766739E+00    
    1.60000000E+02        2.95000000E+02        4.09760987E+01        3.73616437E+00    
    1.75000000E+02        2.95000000E+02        4.09244814E+01        3.74730841E+00    
    1.90000000E+02        2.95000000E+02        4.05970464E+01        3.36938649E+00    
    2.05000000E+02        2.95000000E+02        3.98748406E+01        2.61888434E+00    
    2.20000000E+02        2.95000000E+02        3.85314515E+01        1.62130085E+00    
    2.35000000E+02        2.95000000E+02        3.64221715E+01        5.74065917E-01    
    2.50000000E+02        2.95000000E+02        3.36875290E+01        3.42137920E-01    
    2.65000000E+02        2.95000000E+02        3.08308101E+01        9.13280447E-01    
    2.80000000E+02        2.95000000E+02        2.85841290E+01        1.10437598E+00    
    2.95000000E+02        2.95000000E+02        2.76014717E+01        9.70176355E-01    
    3.10000000E+02        2.95000000E+02        2.81363916E+01        7.67993359E-01    
   -5.00000000E+01        3.10000000E+02        2.58505000E+01        1.00009942E-04    
   -3.50000000E+01        3.10000000E+02        2.84796305E+01        5.09998882E-01    
   -2.00000000E+01        3.10000000E+02        3.14834006E+01        8.91080475E-01    
   -5.00000000E+00        3.10000000E+02        3.39363968E+01        1.08241300E+00    
    1.00000000E+01        3.10000000E+02        3.52553895E+01        1.16366663E+00    
    2.50000000E+01        3.10000000E+02        3.54239612E+01        1.34130538E+00    
    4.00000000E+01        3.10000000E+02        3.49336369E+01        1.73261696E+00    
    5.50000000E+01        3.10000000E+02        3.44881397E+01        2.22012266E+00    
    7.00000000E+01        3.10000000E+02        3.46395149E+01        2.61082553E+00    
    8.50000000E+01        3.10000000E+02        3.55464023E+01        2.76896860E+00    
    1.00000000E+02        3.10000000E+02        3.69602123E+01        2.68960597E+00    
    1.15000000E+02        3.10000000E+02        3.84119188E+01        2.55152086E+00    
    1.30000000E+02        3.10000000E+02        3.94696266E+01        2.63675297E+00    
    1.45000000E+02        3.10000000E+02        3.99179784E+01        2.99921728E+00    
    1.60000000E+02        3.10000000E+02        3.97761797E+01        3.37317828E+00    
    1.75000000E+02        3.10000000E+02        3.91757996E+01        3.47779129E+00    
    1.90000000E+02        3.10000000E+02        3.81993280E+01        3.17998707E+00    
    2.05000000E+02        3.10000000E+02        3.67947211E+01        2.50439666E+00    
    2.20000000E+02        3.10000000E+02        3.48297634E+01        1.61043653E+00    
    2.35000000E+02        3.10000000E+02        3.22627555E+01        7.91590667E-01    
    2.50000000E+02        3.10000000E+02        2.93244000E+01        6.06290559E-01    
    2.65000000E+02        3.10000000E+02        2.65749081E+01        8.32046217E-01    
    2.80000000E+02        3.10000000E+02        2.47535971E+01        8.11554333E-01    
    2.95000000E+02        3.10000000E+02        2.44629371E+01        4.94832201E-01    
    3.10000000E+02        3.10000000E+02        2.58505000E+01        1.00009942E-04    
