Model dump (x mu nu), grid of 25x25=625 pts
Model parameter values (noise variance lengthscales [periods]): (1e-12, 71.54541114879068, [360.0, 1.0], [71.54541114879068, 0.549866439596614])
   -5.00000000E+01       -5.00000000E+01        2.58505000E+01        1.00010084E-04    
   -3.50000000E+01       -5.00000000E+01        2.88389705E+01        5.89726576E-01    
   -2.00000000E+01       -5.00000000E+01        3.23232123E+01        1.00970001E+00    
   -5.00000000E+00       -5.00000000E+01        3.49376877E+01        1.15212149E+00    
    1.00000000E+01       -5.00000000E+01        3.57378033E+01        1.14886549E+00    
    2.50000000E+01       -5.00000000E+01        3.46196887E+01        1.27090612E+00    
    4.00000000E+01       -5.00000000E+01        3.23870955E+01        1.47061076E+00    
    5.50000000E+01       -5.00000000E+01        3.04003348E+01        1.46284672E+00    
    7.00000000E+01       -5.00000000E+01        2.99051393E+01        1.11037979E+00    
    8.50000000E+01       -5.00000000E+01        3.13413315E+01        5.00132188E-01    
    1.00000000E+02       -5.00000000E+01        3.40353130E+01        3.64715353E-01    
    1.15000000E+02       -5.00000000E+01        3.65364743E+01        9.25703135E-01    
    1.30000000E+02       -5.00000000E+01        3.74681741E+01        1.23962146E+00    
    1.45000000E+02       -5.00000000E+01        3.63728739E+01        1.17391278E+00    
    1.60000000E+02       -5.00000000E+01        3.39751650E+01        8.32242852E-01    
    1.75000000E+02       -5.00000000E+01        3.16689780E+01        7.81143838E-01    
    1.90000000E+02       -5.00000000E+01        3.05788009E+01        1.16315603E+00    
    2.05000000E+02       -5.00000000E+01        3.08359929E+01        1.35210664E+00    
    2.20000000E+02       -5.00000000E+01        3.15545121E+01        1.13204673E+00    
    2.35000000E+02       -5.00000000E+01        3.15102532E+01        6.07842488E-01    
    2.50000000E+02       -5.00000000E+01        3.00453318E+01        4.11969577E-01    
    2.65000000E+02       -5.00000000E+01        2.75650527E+01        7.72093637E-01    
    2.80000000E+02       -5.00000000E+01        2.52989477E+01        8.46400775E-01    
    2.95000000E+02       -5.00000000E+01        2.45323568E+01        5.46273392E-01    
    3.10000000E+02       -5.00000000E+01        2.58505000E+01        1.00010084E-04    
   -5.00000000E+01       -3.50000000E+01        2.36464416E+01        3.66474780E-01    
   -3.50000000E+01       -3.50000000E+01        2.72311512E+01        6.55939482E-01    
   -2.00000000E+01       -3.50000000E+01        3.10957760E+01        7.61789702E-01    
   -5.00000000E+00       -3.50000000E+01        3.38564850E+01        7.02101517E-01    
    1.00000000E+01       -3.50000000E+01        3.46474896E+01        8.95275179E-01    
    2.50000000E+01       -3.50000000E+01        3.35043923E+01        1.40262397E+00    
    4.00000000E+01       -3.50000000E+01        3.13634413E+01        1.81321039E+00    
    5.50000000E+01       -3.50000000E+01        2.96408918E+01        1.90208779E+00    
    7.00000000E+01       -3.50000000E+01        2.95238214E+01        1.64926743E+00    
    8.50000000E+01       -3.50000000E+01        3.12941654E+01        1.16151772E+00    
    1.00000000E+02       -3.50000000E+01        3.40867930E+01        6.20208599E-01    
    1.15000000E+02       -3.50000000E+01        3.63128838E+01        5.05299768E-01    
    1.30000000E+02       -3.50000000E+01        3.65781890E+01        8.41628624E-01    
    1.45000000E+02       -3.50000000E+01        3.45423556E+01        9.72827708E-01    
    1.60000000E+02       -3.50000000E+01        3.11345777E+01        8.34204370E-01    
    1.75000000E+02       -3.50000000E+01        2.79549809E+01        7.95964781E-01    
    1.90000000E+02       -3.50000000E+01        2.62563808E+01        1.02013031E+00    
    2.05000000E+02       -3.50000000E+01        2.61897170E+01        1.12520394E+00    
    2.20000000E+02       -3.50000000E+01        2.68111573E+01        9.31232728E-01    
    2.35000000E+02       -3.50000000E+01        2.68292857E+01        5.17032450E-01    
    2.50000000E+02       -3.50000000E+01        2.55633649E+01        3.23704072E-01    
    2.65000000E+02       -3.50000000E+01        2.34412454E+01        5.19163783E-01    
    2.80000000E+02       -3.50000000E+01        2.17117215E+01        4.91736704E-01    
    2.95000000E+02       -3.50000000E+01        2.16216001E+01        2.67179524E-01    
    3.10000000E+02       -3.50000000E+01        2.36464416E+01        3.66474780E-01    
   -5.00000000E+01       -2.00000000E+01        2.24648876E+01        5.42713277E-01    
   -3.50000000E+01       -2.00000000E+01        2.64142421E+01        7.12624390E-01    
   -2.00000000E+01       -2.00000000E+01        3.03613370E+01        5.90681145E-01    
   -5.00000000E+00       -2.00000000E+01        3.29795218E+01        1.36756532E-01    
    1.00000000E+01       -2.00000000E+01        3.35438928E+01        6.07658761E-01    
    2.50000000E+01       -2.00000000E+01        3.22549159E+01        1.31501748E+00    
    4.00000000E+01       -2.00000000E+01        3.01625099E+01        1.79025463E+00    
    5.50000000E+01       -2.00000000E+01        2.86863258E+01        1.95129844E+00    
    7.00000000E+01       -2.00000000E+01        2.88952123E+01        1.85200288E+00    
    8.50000000E+01       -2.00000000E+01        3.08810076E+01        1.54699069E+00    
    1.00000000E+02       -2.00000000E+01        3.36068880E+01        1.03401725E+00    
    1.15000000E+02       -2.00000000E+01        3.54138483E+01        3.74645982E-01    
    1.30000000E+02       -2.00000000E+01        3.49700326E+01        2.67156901E-01    
    1.45000000E+02       -2.00000000E+01        3.20961316E+01        5.64472428E-01    
    1.60000000E+02       -2.00000000E+01        2.79062907E+01        5.19396031E-01    
    1.75000000E+02       -2.00000000E+01        2.41364790E+01        4.64736486E-01    
    1.90000000E+02       -2.00000000E+01        2.20904163E+01        6.27380432E-01    
    2.05000000E+02       -2.00000000E+01        2.18980543E+01        6.89781220E-01    
    2.20000000E+02       -2.00000000E+01        2.25692383E+01        5.46524136E-01    
    2.35000000E+02       -2.00000000E+01        2.27871916E+01        2.52535632E-01    
    2.50000000E+02       -2.00000000E+01        2.18796600E+01        8.98369992E-02    
    2.65000000E+02       -2.00000000E+01        2.02868150E+01        2.31216893E-01    
    2.80000000E+02       -2.00000000E+01        1.92253645E+01        1.32178905E-01    
    2.95000000E+02       -2.00000000E+01        1.98411970E+01        2.26187925E-01    
    3.10000000E+02       -2.00000000E+01        2.24648876E+01        5.42713277E-01    
   -5.00000000E+01       -5.00000000E+00        2.27473507E+01        4.39098816E-01    
   -3.50000000E+01       -5.00000000E+00        2.67082883E+01        5.94771763E-01    
   -2.00000000E+01       -5.00000000E+00        3.03764141E+01        6.27074659E-01    
   -5.00000000E+00       -5.00000000E+00        3.25482210E+01        5.94512703E-01    
    1.00000000E+01       -5.00000000E+00        3.26757157E+01        8.31910493E-01    
    2.50000000E+01       -5.00000000E+00        3.11183219E+01        1.22244969E+00    
    4.00000000E+01       -5.00000000E+00        2.89982180E+01        1.47106735E+00    
    5.50000000E+01       -5.00000000E+00        2.76832895E+01        1.56894226E+00    
    7.00000000E+01       -5.00000000E+00        2.80853185E+01        1.63718593E+00    
    8.50000000E+01       -5.00000000E+00        3.01107622E+01        1.61740609E+00    
    1.00000000E+02       -5.00000000E+00        3.26087270E+01        1.33711222E+00    
    1.15000000E+02       -5.00000000E+00        3.39402954E+01        8.22319687E-01    
    1.30000000E+02       -5.00000000E+00        3.29131312E+01        4.48498401E-01    
    1.45000000E+02       -5.00000000E+00        2.95261215E+01        4.69194383E-01    
    1.60000000E+02       -5.00000000E+00        2.50187274E+01        3.49083485E-01    
    1.75000000E+02       -5.00000000E+00        2.11532720E+01        8.17977287E-02    
    1.90000000E+02       -5.00000000E+00        1.91797506E+01        1.98465903E-01    
    2.05000000E+02       -5.00000000E+00        1.91548886E+01        2.38853248E-01    
    2.20000000E+02       -5.00000000E+00        2.00534855E+01        2.22355715E-01    
    2.35000000E+02       -5.00000000E+00        2.05792686E+01        2.07504812E-01    
    2.50000000E+02       -5.00000000E+00        2.01034246E+01        1.47495389E-01    
    2.65000000E+02       -5.00000000E+00        1.90737035E+01        9.19853243E-02    
    2.80000000E+02       -5.00000000E+00        1.86369415E+01        1.03123229E-01    
    2.95000000E+02       -5.00000000E+00        1.98007725E+01        2.52525730E-01    
    3.10000000E+02       -5.00000000E+00        2.27473507E+01        4.39098816E-01    
   -5.00000000E+01        1.00000000E+01        2.45606095E+01        8.61132833E-02    
   -3.50000000E+01        1.00000000E+01        2.81453799E+01        4.51782022E-01    
   -2.00000000E+01        1.00000000E+01        3.12042540E+01        8.54632170E-01    
   -5.00000000E+00        1.00000000E+01        3.27017209E+01        1.13518561E+00    
    1.00000000E+01        1.00000000E+01        3.22706280E+01        1.29737270E+00    
    2.50000000E+01        1.00000000E+01        3.03935023E+01        1.29781505E+00    
    4.00000000E+01        1.00000000E+01        2.82070580E+01        1.06639555E+00    
    5.50000000E+01        1.00000000E+01        2.69753918E+01        8.47633785E-01    
    7.00000000E+01        1.00000000E+01        2.74345089E+01        1.12715835E+00    
    8.50000000E+01        1.00000000E+01        2.93366778E+01        1.49650613E+00    
    1.00000000E+02        1.00000000E+01        3.14931572E+01        1.51716935E+00    
    1.15000000E+02        1.00000000E+01        3.23762131E+01        1.19759830E+00    
    1.30000000E+02        1.00000000E+01        3.09936908E+01        8.49811833E-01    
    1.45000000E+02        1.00000000E+01        2.75161029E+01        6.78782746E-01    
    1.60000000E+02        1.00000000E+01        2.32299011E+01        4.76076338E-01    
    1.75000000E+02        1.00000000E+01        1.98072152E+01        1.94278565E-01    
    1.90000000E+02        1.00000000E+01        1.83421825E+01        4.81094555E-02    
    2.05000000E+02        1.00000000E+01        1.87704551E+01        5.54410603E-02    
    2.20000000E+02        1.00000000E+01        2.00422863E+01        2.33492656E-01    
    2.35000000E+02        1.00000000E+01        2.09205947E+01        3.17772172E-01    
    2.50000000E+02        1.00000000E+01        2.08474186E+01        2.08157907E-01    
    2.65000000E+02        1.00000000E+01        2.02752007E+01        5.09272691E-02    
    2.80000000E+02        1.00000000E+01        2.02609794E+01        2.38206765E-01    
    2.95000000E+02        1.00000000E+01        2.16682197E+01        2.48330426E-01    
    3.10000000E+02        1.00000000E+01        2.45606095E+01        8.61132833E-02    
   -5.00000000E+01        2.50000000E+01        2.75615707E+01        3.63871360E-01    
   -3.50000000E+01        2.50000000E+01        3.04643428E+01        6.04004632E-01    
   -2.00000000E+01        2.50000000E+01        3.27145182E+01        1.04201859E+00    
   -5.00000000E+00        2.50000000E+01        3.34619554E+01        1.39134458E+00    
    1.00000000E+01        2.50000000E+01        3.24951790E+01        1.56325148E+00    
    2.50000000E+01        2.50000000E+01        3.03643339E+01        1.46298221E+00    
    4.00000000E+01        2.50000000E+01        2.81586826E+01        9.86005055E-01    
    5.50000000E+01        2.50000000E+01        2.69964978E+01        1.74285627E-01    
    7.00000000E+01        2.50000000E+01        2.74356656E+01        7.26651404E-01    
    8.50000000E+01        2.50000000E+01        2.91163068E+01        1.38110734E+00    
    1.00000000E+02        2.50000000E+01        3.08833535E+01        1.56304393E+00    
    1.15000000E+02        2.50000000E+01        3.13900777E+01        1.29914617E+00    
    1.30000000E+02        2.50000000E+01        2.98781483E+01        8.68260471E-01    
    1.45000000E+02        2.50000000E+01        2.66673587E+01        5.66144546E-01    
    1.60000000E+02        2.50000000E+01        2.30199634E+01        3.46444351E-01    
    1.75000000E+02        2.50000000E+01        2.04291679E+01        1.02685366E-01    
    1.90000000E+02        2.50000000E+01        1.97647362E+01        1.06133347E-01    
    2.05000000E+02        2.50000000E+01        2.08152907E+01        1.16190217E-01    
    2.20000000E+02        2.50000000E+01        2.25182546E+01        2.11679376E-01    
    2.35000000E+02        2.50000000E+01        2.37196405E+01        3.24502725E-01    
    2.50000000E+02        2.50000000E+01        2.39434571E+01        2.96783924E-01    
    2.65000000E+02        2.50000000E+01        2.36407029E+01        2.68443794E-01    
    2.80000000E+02        2.50000000E+01        2.37736372E+01        4.02008303E-01    
    2.95000000E+02        2.50000000E+01        2.50814912E+01        4.43134803E-01    
    3.10000000E+02        2.50000000E+01        2.75615707E+01        3.63871360E-01    
   -5.00000000E+01        4.00000000E+01        3.10583096E+01        7.29662354E-01    
   -3.50000000E+01        4.00000000E+01        3.31428569E+01        8.46948073E-01    
   -2.00000000E+01        4.00000000E+01        3.45693657E+01        1.02221308E+00    
   -5.00000000E+00        4.00000000E+01        3.46628871E+01        1.25647423E+00    
    1.00000000E+01        4.00000000E+01        3.33232159E+01        1.49424808E+00    
    2.50000000E+01        4.00000000E+01        3.11083000E+01        1.56021086E+00    
    4.00000000E+01        4.00000000E+01        2.90081993E+01        1.29491029E+00    
    5.50000000E+01        4.00000000E+01        2.79710597E+01        8.30427424E-01    
    7.00000000E+01        4.00000000E+01        2.83881358E+01        8.69759044E-01    
    8.50000000E+01        4.00000000E+01        2.98280380E+01        1.31737516E+00    
    1.00000000E+02        4.00000000E+01        3.12191246E+01        1.46142142E+00    
    1.15000000E+02        4.00000000E+01        3.14297266E+01        1.15414195E+00    
    1.30000000E+02        4.00000000E+01        2.99367148E+01        5.72563097E-01    
    1.45000000E+02        4.00000000E+01        2.71779491E+01        8.41494716E-02    
    1.60000000E+02        4.00000000E+01        2.43442625E+01        3.46872661E-01    
    1.75000000E+02        4.00000000E+01        2.27095776E+01        4.81146773E-01    
    1.90000000E+02        4.00000000E+01        2.29017033E+01        4.78831390E-01    
    2.05000000E+02        4.00000000E+01        2.45680431E+01        3.10131355E-01    
    2.20000000E+02        4.00000000E+01        2.66489000E+01        1.00009800E-04    
    2.35000000E+02        4.00000000E+01        2.80817087E+01        3.00847890E-01    
    2.50000000E+02        4.00000000E+01        2.84660275E+01        4.35827799E-01    
    2.65000000E+02        4.00000000E+01        2.82400069E+01        4.04665696E-01    
    2.80000000E+02        4.00000000E+01        2.82749720E+01        4.41350996E-01    
    2.95000000E+02        4.00000000E+01        2.92187772E+01        6.03957503E-01    
    3.10000000E+02        4.00000000E+01        3.10583096E+01        7.29662354E-01    
   -5.00000000E+01        5.50000000E+01        3.41926529E+01        9.87803842E-01    
   -3.50000000E+01        5.50000000E+01        3.55069505E+01        1.04402878E+00    
   -2.00000000E+01        5.50000000E+01        3.62588312E+01        8.33003609E-01    
   -5.00000000E+00        5.50000000E+01        3.59163831E+01        7.33919168E-01    
    1.00000000E+01        5.50000000E+01        3.44394266E+01        1.13892911E+00    
    2.50000000E+01        5.50000000E+01        3.23440211E+01        1.54200465E+00    
    4.00000000E+01        5.50000000E+01        3.04913888E+01        1.58666157E+00    
    5.50000000E+01        5.50000000E+01        2.96591674E+01        1.29049259E+00    
    7.00000000E+01        5.50000000E+01        3.00970381E+01        1.02443051E+00    
    8.50000000E+01        5.50000000E+01        3.13365969E+01        1.12050797E+00    
    1.00000000E+02        5.50000000E+01        3.24122426E+01        1.20500209E+00    
    1.15000000E+02        5.50000000E+01        3.24031829E+01        9.60054277E-01    
    1.30000000E+02        5.50000000E+01        3.09919908E+01        5.34085612E-01    
    1.45000000E+02        5.50000000E+01        2.86976921E+01        5.98743782E-01    
    1.60000000E+02        5.50000000E+01        2.66181974E+01        9.16067103E-01    
    1.75000000E+02        5.50000000E+01        2.58146961E+01        1.01533810E+00    
    1.90000000E+02        5.50000000E+01        2.67026586E+01        8.85420011E-01    
    2.05000000E+02        5.50000000E+01        2.88228074E+01        5.86739305E-01    
    2.20000000E+02        5.50000000E+01        3.11385686E+01        3.31483893E-01    
    2.35000000E+02        5.50000000E+01        3.26763137E+01        5.18490310E-01    
    2.50000000E+02        5.50000000E+01        3.30935290E+01        6.49842253E-01    
    2.65000000E+02        5.50000000E+01        3.28018237E+01        4.60946211E-01    
    2.80000000E+02        5.50000000E+01        3.25896070E+01        2.20720936E-01    
    2.95000000E+02        5.50000000E+01        3.30464969E+01        6.41112699E-01    
    3.10000000E+02        5.50000000E+01        3.41926529E+01        9.87803842E-01    
   -5.00000000E+01        7.00000000E+01        3.61910576E+01        1.27537089E+00    
   -3.50000000E+01        7.00000000E+01        3.69091013E+01        1.33676400E+00    
   -2.00000000E+01        7.00000000E+01        3.72197331E+01        9.02111549E-01    
   -5.00000000E+00        7.00000000E+01        3.66892136E+01        8.78884087E-02    
    1.00000000E+01        7.00000000E+01        3.52900555E+01        8.30536819E-01    
    2.50000000E+01        7.00000000E+01        3.34654851E+01        1.51691546E+00    
    4.00000000E+01        7.00000000E+01        3.19450043E+01        1.73224096E+00    
    5.50000000E+01        7.00000000E+01        3.13602559E+01        1.45291513E+00    
    7.00000000E+01        7.00000000E+01        3.18574650E+01        9.09996338E-01    
    8.50000000E+01        7.00000000E+01        3.29606993E+01        6.52458784E-01    
    1.00000000E+02        7.00000000E+01        3.38110426E+01        8.50250976E-01    
    1.15000000E+02        7.00000000E+01        3.36649085E+01        9.22136649E-01    
    1.30000000E+02        7.00000000E+01        3.23583049E+01        9.19403381E-01    
    1.45000000E+02        7.00000000E+01        3.04502221E+01        1.13145420E+00    
    1.60000000E+02        7.00000000E+01        2.89406894E+01        1.36013918E+00    
    1.75000000E+02        7.00000000E+01        2.87135675E+01        1.34004246E+00    
    1.90000000E+02        7.00000000E+01        3.00287322E+01        1.05990687E+00    
    2.05000000E+02        7.00000000E+01        3.23694635E+01        6.90258693E-01    
    2.20000000E+02        7.00000000E+01        3.47436631E+01        6.32768237E-01    
    2.35000000E+02        7.00000000E+01        3.62592030E+01        9.03774305E-01    
    2.50000000E+02        7.00000000E+01        3.66118635E+01        9.81728676E-01    
    2.65000000E+02        7.00000000E+01        3.61764429E+01        6.58102441E-01    
    2.80000000E+02        7.00000000E+01        3.56692994E+01        1.62374355E-01    
    2.95000000E+02        7.00000000E+01        3.56483481E+01        7.78499405E-01    
    3.10000000E+02        7.00000000E+01        3.61910576E+01        1.27537089E+00    
   -5.00000000E+01        8.50000000E+01        3.65768187E+01        1.56051406E+00    
   -3.50000000E+01        8.50000000E+01        3.69079721E+01        1.68413665E+00    
   -2.00000000E+01        8.50000000E+01        3.70020746E+01        1.30871944E+00    
   -5.00000000E+00        8.50000000E+01        3.64764535E+01        7.37021467E-01    
    1.00000000E+01        8.50000000E+01        3.52796403E+01        9.71503807E-01    
    2.50000000E+01        8.50000000E+01        3.37707625E+01        1.57374552E+00    
    4.00000000E+01        8.50000000E+01        3.25671593E+01        1.78941224E+00    
    5.50000000E+01        8.50000000E+01        3.21974319E+01        1.49318893E+00    
    7.00000000E+01        8.50000000E+01        3.27514324E+01        8.10262007E-01    
    8.50000000E+01        8.50000000E+01        3.37725000E+01        1.00010013E-04    
    1.00000000E+02        8.50000000E+01        3.44972518E+01        6.50887844E-01    
    1.15000000E+02        8.50000000E+01        3.43112593E+01        9.83852129E-01    
    1.30000000E+02        8.50000000E+01        3.31419790E+01        1.12206695E+00    
    1.45000000E+02        8.50000000E+01        3.15459580E+01        1.30623557E+00    
    1.60000000E+02        8.50000000E+01        3.04260842E+01        1.44469174E+00    
    1.75000000E+02        8.50000000E+01        3.05313587E+01        1.30447772E+00    
    1.90000000E+02        8.50000000E+01        3.20257990E+01        8.68229576E-01    
    2.05000000E+02        8.50000000E+01        3.43818477E+01        4.72899249E-01    
    2.20000000E+02        8.50000000E+01        3.66683018E+01        8.01877993E-01    
    2.35000000E+02        8.50000000E+01        3.80654062E+01        1.21261528E+00    
    2.50000000E+02        8.50000000E+01        3.82920899E+01        1.26027039E+00    
    2.65000000E+02        8.50000000E+01        3.76837277E+01        8.60372264E-01    
    2.80000000E+02        8.50000000E+01        3.68987995E+01        4.09701220E-01    
    2.95000000E+02        8.50000000E+01        3.64827530E+01        9.88444231E-01    
    3.10000000E+02        8.50000000E+01        3.65768187E+01        1.56051406E+00    
   -5.00000000E+01        1.00000000E+02        3.52668084E+01        1.64197038E+00    
   -3.50000000E+01        1.00000000E+02        3.53816622E+01        1.83801782E+00    
   -2.00000000E+01        1.00000000E+02        3.54137404E+01        1.56713684E+00    
   -5.00000000E+00        1.00000000E+02        3.49913225E+01        1.11259267E+00    
    1.00000000E+01        1.00000000E+02        3.40155261E+01        1.14306428E+00    
    2.50000000E+01        1.00000000E+02        3.27646625E+01        1.56159039E+00    
    4.00000000E+01        1.00000000E+02        3.17748850E+01        1.73946768E+00    
    5.50000000E+01        1.00000000E+02        3.15206289E+01        1.50772128E+00    
    7.00000000E+01        1.00000000E+02        3.20829059E+01        9.87764458E-01    
    8.50000000E+01        1.00000000E+02        3.30483017E+01        5.82585810E-01    
    1.00000000E+02        1.00000000E+02        3.37352708E+01        7.61176404E-01    
    1.15000000E+02        1.00000000E+02        3.36113152E+01        9.50326198E-01    
    1.30000000E+02        1.00000000E+02        3.26378424E+01        9.75626068E-01    
    1.45000000E+02        1.00000000E+02        3.13313885E+01        1.08009119E+00    
    1.60000000E+02        1.00000000E+02        3.04986583E+01        1.19641693E+00    
    1.75000000E+02        1.00000000E+02        3.07888154E+01        1.03250633E+00    
    1.90000000E+02        1.00000000E+02        3.23159633E+01        5.13756225E-01    
    2.05000000E+02        1.00000000E+02        3.45733452E+01        2.21530748E-01    
    2.20000000E+02        1.00000000E+02        3.66970518E+01        9.25568508E-01    
    2.35000000E+02        1.00000000E+02        3.79291001E+01        1.36579922E+00    
    2.50000000E+02        1.00000000E+02        3.80023310E+01        1.35808392E+00    
    2.65000000E+02        1.00000000E+02        3.72178126E+01        8.69493949E-01    
    2.80000000E+02        1.00000000E+02        3.61932611E+01        3.07824433E-01    
    2.95000000E+02        1.00000000E+02        3.54758895E+01        1.00433149E+00    
    3.10000000E+02        1.00000000E+02        3.52668084E+01        1.64197038E+00    
   -5.00000000E+01        1.15000000E+02        3.25516391E+01        1.44258501E+00    
   -3.50000000E+01        1.15000000E+02        3.25519128E+01        1.66282491E+00    
   -2.00000000E+01        1.15000000E+02        3.25942866E+01        1.46353960E+00    
   -5.00000000E+00        1.15000000E+02        3.22909328E+01        1.05533696E+00    
    1.00000000E+01        1.15000000E+02        3.14848851E+01        9.78182707E-01    
    2.50000000E+01        1.15000000E+02        3.03839702E+01        1.28983358E+00    
    4.00000000E+01        1.15000000E+02        2.94729291E+01        1.47066027E+00    
    5.50000000E+01        1.15000000E+02        2.92130643E+01        1.37167882E+00    
    7.00000000E+01        1.15000000E+02        2.97143981E+01        1.09175426E+00    
    8.50000000E+01        1.15000000E+02        3.06249533E+01        8.49082493E-01    
    1.00000000E+02        1.15000000E+02        3.13336629E+01        7.97139081E-01    
    1.15000000E+02        1.15000000E+02        3.13536683E+01        7.25575410E-01    
    1.30000000E+02        1.15000000E+02        3.06379769E+01        5.40042712E-01    
    1.45000000E+02        1.15000000E+02        2.96371370E+01        6.39380467E-01    
    1.60000000E+02        1.15000000E+02        2.90637611E+01        9.04007116E-01    
    1.75000000E+02        1.15000000E+02        2.94912118E+01        9.27583052E-01    
    1.90000000E+02        1.15000000E+02        3.10111686E+01        7.22016245E-01    
    2.05000000E+02        1.15000000E+02        3.31513226E+01        7.21487719E-01    
    2.20000000E+02        1.15000000E+02        3.51104261E+01        1.10367832E+00    
    2.35000000E+02        1.15000000E+02        3.61794527E+01        1.40792520E+00    
    2.50000000E+02        1.15000000E+02        3.60995308E+01        1.34686688E+00    
    2.65000000E+02        1.15000000E+02        3.51466423E+01        8.50951354E-01    
    2.80000000E+02        1.15000000E+02        3.39153893E+01        1.43756770E-01    
    2.95000000E+02        1.15000000E+02        3.29657857E+01        8.27934749E-01    
    3.10000000E+02        1.15000000E+02        3.25516391E+01        1.44258501E+00    
   -5.00000000E+01        1.30000000E+02        2.90059900E+01        1.07441448E+00    
   -3.50000000E+01        1.30000000E+02        2.89355458E+01        1.21728986E+00    
   -2.00000000E+01        1.30000000E+02        2.90039937E+01        1.06765384E+00    
   -5.00000000E+00        1.30000000E+02        2.87952225E+01        6.97480771E-01    
    1.00000000E+01        1.30000000E+02        2.80940641E+01        5.16960536E-01    
    2.50000000E+01        1.30000000E+02        2.70491005E+01        7.72854098E-01    
    4.00000000E+01        1.30000000E+02        2.61134722E+01        9.74232392E-01    
    5.50000000E+01        1.30000000E+02        2.57594392E+01        1.00059635E+00    
    7.00000000E+01        1.30000000E+02        2.61471896E+01        8.98413336E-01    
    8.50000000E+01        1.30000000E+02        2.69951681E+01        7.31960462E-01    
    1.00000000E+02        1.30000000E+02        2.77539118E+01        5.76873675E-01    
    1.15000000E+02        1.30000000E+02        2.79593678E+01        3.72833056E-01    
    1.30000000E+02        1.30000000E+02        2.75324000E+01        1.00009942E-04    
    1.45000000E+02        1.30000000E+02        2.68467548E+01        4.74235997E-01    
    1.60000000E+02        1.30000000E+02        2.65279182E+01        8.64754969E-01    
    1.75000000E+02        1.30000000E+02        2.70909329E+01        1.05841062E+00    
    1.90000000E+02        1.30000000E+02        2.86193781E+01        1.08268727E+00    
    2.05000000E+02        1.30000000E+02        3.06763687E+01        1.06653908E+00    
    2.20000000E+02        1.30000000E+02        3.25113211E+01        1.15829322E+00    
    2.35000000E+02        1.30000000E+02        3.34495395E+01        1.31906509E+00    
    2.50000000E+02        1.30000000E+02        3.32353466E+01        1.32944298E+00    
    2.65000000E+02        1.30000000E+02        3.21281421E+01        1.07303027E+00    
    2.80000000E+02        1.30000000E+02        3.07139758E+01        7.28027989E-01    
    2.95000000E+02        1.30000000E+02        2.95733793E+01        7.70664552E-01    
    3.10000000E+02        1.30000000E+02        2.90059900E+01        1.07441448E+00    
   -5.00000000E+01        1.45000000E+02        2.53690567E+01        7.22101317E-01    
   -3.50000000E+01        1.45000000E+02        2.52438726E+01        6.61189913E-01    
   -2.00000000E+01        1.45000000E+02        2.53338503E+01        6.01337049E-01    
   -5.00000000E+00        1.45000000E+02        2.51949472E+01        3.97314826E-01    
    1.00000000E+01        1.45000000E+02        2.45611943E+01        8.51429209E-02    
    2.50000000E+01        1.45000000E+02        2.35313761E+01        2.26123137E-01    
    4.00000000E+01        1.45000000E+02        2.25351887E+01        4.20629003E-01    
    5.50000000E+01        1.45000000E+02        2.20623369E+01        5.16779096E-01    
    7.00000000E+01        1.45000000E+02        2.23273439E+01        5.11834222E-01    
    8.50000000E+01        1.45000000E+02        2.31178211E+01        3.87150277E-01    
    1.00000000E+02        1.45000000E+02        2.39367970E+01        2.41030014E-01    
    1.15000000E+02        1.45000000E+02        2.43293079E+01        2.47181262E-01    
    1.30000000E+02        1.45000000E+02        2.41745101E+01        4.12098273E-01    
    1.45000000E+02        1.45000000E+02        2.37715933E+01        6.41058181E-01    
    1.60000000E+02        1.45000000E+02        2.36729151E+01        8.42801989E-01    
    1.75000000E+02        1.45000000E+02        2.43527691E+01        1.00907387E+00    
    1.90000000E+02        1.45000000E+02        2.58971521E+01        1.09934936E+00    
    2.05000000E+02        1.45000000E+02        2.79020545E+01        1.01995940E+00    
    2.20000000E+02        1.45000000E+02        2.96543965E+01        8.82700632E-01    
    2.35000000E+02        1.45000000E+02        3.04993081E+01        1.01175413E+00    
    2.50000000E+02        1.45000000E+02        3.01779614E+01        1.26872174E+00    
    2.65000000E+02        1.45000000E+02        2.89374748E+01        1.33617906E+00    
    2.80000000E+02        1.45000000E+02        2.73638691E+01        1.17481108E+00    
    2.95000000E+02        1.45000000E+02        2.60613736E+01        9.17550306E-01    
    3.10000000E+02        1.45000000E+02        2.53690567E+01        7.22101317E-01    
   -5.00000000E+01        1.60000000E+02        2.24055986E+01        5.21909661E-01    
   -3.50000000E+01        1.60000000E+02        2.22399233E+01        1.53942981E-01    
   -2.00000000E+01        1.60000000E+02        2.23512499E+01        3.05697928E-01    
   -5.00000000E+00        1.60000000E+02        2.22749591E+01        4.07379561E-01    
    1.00000000E+01        1.60000000E+02        2.17055632E+01        3.27231925E-01    
    2.50000000E+01        1.60000000E+02        2.07000351E+01        1.54649021E-01    
    4.00000000E+01        1.60000000E+02        1.96658217E+01        5.06512020E-02    
    5.50000000E+01        1.60000000E+02        1.91062429E+01        1.42265009E-01    
    7.00000000E+01        1.60000000E+02        1.92840356E+01        1.65087299E-01    
    8.50000000E+01        1.60000000E+02        2.00473995E+01        7.14752487E-02    
    1.00000000E+02        1.60000000E+02        2.09398898E+01        1.48150747E-01    
    1.15000000E+02        1.60000000E+02        2.15035393E+01        3.42435935E-01    
    1.30000000E+02        1.60000000E+02        2.15710667E+01        5.16999950E-01    
    1.45000000E+02        1.60000000E+02        2.13753277E+01        5.90282957E-01    
    1.60000000E+02        1.60000000E+02        2.14148242E+01        5.42671182E-01    
    1.75000000E+02        1.60000000E+02        2.21447226E+01        6.34576968E-01    
    1.90000000E+02        1.60000000E+02        2.36676071E+01        8.20356120E-01    
    2.05000000E+02        1.60000000E+02        2.56139079E+01        7.25876418E-01    
    2.20000000E+02        1.60000000E+02        2.72989940E+01        3.24493310E-01    
    2.35000000E+02        1.60000000E+02        2.80755879E+01        6.09130516E-01    
    2.50000000E+02        1.60000000E+02        2.76740318E+01        1.16924411E+00    
    2.65000000E+02        1.60000000E+02        2.63284566E+01        1.41951285E+00    
    2.80000000E+02        1.60000000E+02        2.46268345E+01        1.31676852E+00    
    2.95000000E+02        1.60000000E+02        2.31954151E+01        9.72100850E-01    
    3.10000000E+02        1.60000000E+02        2.24055986E+01        5.21909661E-01    
   -5.00000000E+01        1.75000000E+02        2.07484362E+01        4.63359428E-01    
   -3.50000000E+01        1.75000000E+02        2.05671438E+01        2.61158156E-01    
   -2.00000000E+01        1.75000000E+02        2.07121733E+01        2.44471415E-01    
   -5.00000000E+00        1.75000000E+02        2.07054665E+01        3.22234359E-01    
    1.00000000E+01        1.75000000E+02        2.02125623E+01        3.00853020E-01    
    2.50000000E+01        1.75000000E+02        1.92560204E+01        1.75935910E-01    
    4.00000000E+01        1.75000000E+02        1.82222345E+01        5.64429414E-02    
    5.50000000E+01        1.75000000E+02        1.76247905E+01        5.76960088E-03    
    7.00000000E+01        1.75000000E+02        1.77688507E+01        3.65462971E-03    
    8.50000000E+01        1.75000000E+02        1.85539078E+01        6.58193778E-02    
    1.00000000E+02        1.75000000E+02        1.95496482E+01        1.41381453E-01    
    1.15000000E+02        1.75000000E+02        2.02790836E+01        2.00547543E-01    
    1.30000000E+02        1.75000000E+02        2.05196265E+01        3.39691208E-01    
    1.45000000E+02        1.75000000E+02        2.04433771E+01        3.90501591E-01    
    1.60000000E+02        1.75000000E+02        2.05143551E+01        1.67876021E-01    
    1.75000000E+02        1.75000000E+02        2.11933816E+01        3.10914919E-01    
    1.90000000E+02        1.75000000E+02        2.26193590E+01        6.68534866E-01    
    2.05000000E+02        1.75000000E+02        2.44652469E+01        6.66330665E-01    
    2.20000000E+02        1.75000000E+02        2.60714062E+01        3.78178252E-01    
    2.35000000E+02        1.75000000E+02        2.67888739E+01        6.81275608E-01    
    2.50000000E+02        1.75000000E+02        2.63290685E+01        1.16940178E+00    
    2.65000000E+02        1.75000000E+02        2.49094082E+01        1.32679562E+00    
    2.80000000E+02        1.75000000E+02        2.31180693E+01        1.13494692E+00    
    2.95000000E+02        1.75000000E+02        2.15990897E+01        7.81902008E-01    
    3.10000000E+02        1.75000000E+02        2.07484362E+01        4.63359428E-01    
   -5.00000000E+01        1.90000000E+02        2.07407258E+01        5.02973721E-01    
   -3.50000000E+01        1.90000000E+02        2.05819179E+01        5.70347696E-01    
   -2.00000000E+01        1.90000000E+02        2.07869327E+01        3.76434945E-01    
   -5.00000000E+00        1.90000000E+02        2.08638629E+01        9.89230503E-02    
    1.00000000E+01        1.90000000E+02        2.04533265E+01        6.73645794E-02    
    2.50000000E+01        1.90000000E+02        1.95490944E+01        8.35502501E-02    
    4.00000000E+01        1.90000000E+02        1.85221522E+01        5.43611683E-02    
    5.50000000E+01        1.90000000E+02        1.79021639E+01        2.62501183E-02    
    7.00000000E+01        1.90000000E+02        1.80412418E+01        8.71629096E-03    
    8.50000000E+01        1.90000000E+02        1.88884477E+01        7.76227646E-02    
    1.00000000E+02        1.90000000E+02        2.00272731E+01        1.10591906E-01    
    1.15000000E+02        1.90000000E+02        2.09416469E+01        1.46463531E-01    
    1.30000000E+02        1.90000000E+02        2.13365629E+01        4.41812247E-01    
    1.45000000E+02        1.90000000E+02        2.13201297E+01        7.04974026E-01    
    1.60000000E+02        1.90000000E+02        2.13353112E+01        7.72182075E-01    
    1.75000000E+02        1.90000000E+02        2.18717471E+01        7.75141999E-01    
    1.90000000E+02        1.90000000E+02        2.31262421E+01        8.33585764E-01    
    2.05000000E+02        1.90000000E+02        2.48255913E+01        7.78716589E-01    
    2.20000000E+02        1.90000000E+02        2.63344108E+01        7.25707246E-01    
    2.35000000E+02        1.90000000E+02        2.69942623E+01        1.01852970E+00    
    2.50000000E+02        1.90000000E+02        2.64902338E+01        1.29986458E+00    
    2.65000000E+02        1.90000000E+02        2.50202218E+01        1.21429595E+00    
    2.80000000E+02        1.90000000E+02        2.31727726E+01        7.75761734E-01    
    2.95000000E+02        1.90000000E+02        2.16080998E+01        3.62999620E-01    
    3.10000000E+02        1.90000000E+02        2.07407258E+01        5.02973721E-01    
   -5.00000000E+01        2.05000000E+02        2.23181055E+01        6.59128624E-01    
   -3.50000000E+01        2.05000000E+02        2.22344522E+01        8.41884432E-01    
   -2.00000000E+01        2.05000000E+02        2.25448492E+01        6.96807097E-01    
   -5.00000000E+00        2.05000000E+02        2.27299615E+01        4.77383540E-01    
    1.00000000E+01        2.05000000E+02        2.23975244E+01        3.66682668E-01    
    2.50000000E+01        2.05000000E+02        2.15130392E+01        2.61295330E-01    
    4.00000000E+01        2.05000000E+02        2.04421380E+01        1.26199610E-01    
    5.50000000E+01        2.05000000E+02        1.97486236E+01        8.32876223E-02    
    7.00000000E+01        2.05000000E+02        1.98516493E+01        1.10746705E-01    
    8.50000000E+01        2.05000000E+02        2.07619484E+01        1.20716565E-01    
    1.00000000E+02        2.05000000E+02        2.20725790E+01        1.99591278E-01    
    1.15000000E+02        2.05000000E+02        2.32086826E+01        4.00581493E-01    
    1.30000000E+02        2.05000000E+02        2.37791384E+01        7.95727480E-01    
    1.45000000E+02        2.05000000E+02        2.38146894E+01        1.18181509E+00    
    1.60000000E+02        2.05000000E+02        2.37410593E+01        1.33557744E+00    
    1.75000000E+02        2.05000000E+02        2.40931271E+01        1.22751614E+00    
    1.90000000E+02        2.05000000E+02        2.51430725E+01        9.46280348E-01    
    2.05000000E+02        2.05000000E+02        2.66798900E+01        5.97875058E-01    
    2.20000000E+02        2.05000000E+02        2.80891980E+01        6.82447210E-01    
    2.35000000E+02        2.05000000E+02        2.86939793E+01        1.19191726E+00    
    2.50000000E+02        2.05000000E+02        2.81470491E+01        1.48091911E+00    
    2.65000000E+02        2.05000000E+02        2.66292052E+01        1.29785320E+00    
    2.80000000E+02        2.05000000E+02        2.47378603E+01        6.98880593E-01    
    2.95000000E+02        2.05000000E+02        2.31566244E+01        1.68657785E-01    
    3.10000000E+02        2.05000000E+02        2.23181055E+01        6.59128624E-01    
   -5.00000000E+01        2.20000000E+02        2.49803390E+01        7.48063672E-01    
   -3.50000000E+01        2.20000000E+02        2.50419724E+01        1.00291938E+00    
   -2.00000000E+01        2.20000000E+02        2.55306837E+01        1.01919928E+00    
   -5.00000000E+00        2.20000000E+02        2.58712734E+01        8.98966230E-01    
    1.00000000E+01        2.20000000E+02        2.56165824E+01        6.87541968E-01    
    2.50000000E+01        2.20000000E+02        2.46970257E+01        3.65086373E-01    
    4.00000000E+01        2.20000000E+02        2.34849000E+01        1.00009871E-04    
    5.50000000E+01        2.20000000E+02        2.26059703E+01        2.85180822E-01    
    7.00000000E+01        2.20000000E+02        2.25801826E+01        4.00245647E-01    
    8.50000000E+01        2.20000000E+02        2.35055416E+01        3.28474060E-01    
    1.00000000E+02        2.20000000E+02        2.49904996E+01        1.35305516E-01    
    1.15000000E+02        2.20000000E+02        2.63860871E+01        3.79061928E-01    
    1.30000000E+02        2.20000000E+02        2.71795043E+01        9.34899954E-01    
    1.45000000E+02        2.20000000E+02        2.73043177E+01        1.44162758E+00    
    1.60000000E+02        2.20000000E+02        2.71646908E+01        1.66338151E+00    
    1.75000000E+02        2.20000000E+02        2.73492928E+01        1.51585516E+00    
    1.90000000E+02        2.20000000E+02        2.82157029E+01        1.04285692E+00    
    2.05000000E+02        2.20000000E+02        2.96160125E+01        3.20504557E-01    
    2.20000000E+02        2.20000000E+02        3.09468312E+01        5.33417027E-01    
    2.35000000E+02        2.20000000E+02        3.14996744E+01        1.28270689E+00    
    2.50000000E+02        2.20000000E+02        3.08907960E+01        1.67105313E+00    
    2.65000000E+02        2.20000000E+02        2.92942426E+01        1.55549446E+00    
    2.80000000E+02        2.20000000E+02        2.73371660E+01        1.03081552E+00    
    2.95000000E+02        2.20000000E+02        2.57464679E+01        5.41238053E-01    
    3.10000000E+02        2.20000000E+02        2.49803390E+01        7.48063672E-01    
   -5.00000000E+01        2.35000000E+02        2.78951204E+01        5.79379549E-01    
   -3.50000000E+01        2.35000000E+02        2.81907523E+01        9.98046257E-01    
   -2.00000000E+01        2.35000000E+02        2.89601756E+01        1.26155017E+00    
   -5.00000000E+00        2.35000000E+02        2.95331511E+01        1.26424652E+00    
    1.00000000E+01        2.35000000E+02        2.93762983E+01        9.86831777E-01    
    2.50000000E+01        2.35000000E+02        2.83736825E+01        5.04803311E-01    
    4.00000000E+01        2.35000000E+02        2.69171353E+01        2.83368472E-01    
    5.50000000E+01        2.35000000E+02        2.57261224E+01        6.39605800E-01    
    7.00000000E+01        2.35000000E+02        2.54595139E+01        8.21739357E-01    
    8.50000000E+01        2.35000000E+02        2.63320009E+01        7.33039548E-01    
    1.00000000E+02        2.35000000E+02        2.79768074E+01        4.22807107E-01    
    1.15000000E+02        2.35000000E+02        2.96589079E+01        3.07179463E-01    
    1.30000000E+02        2.35000000E+02        3.07208183E+01        8.94502274E-01    
    1.45000000E+02        2.35000000E+02        3.09802139E+01        1.45877053E+00    
    1.60000000E+02        2.35000000E+02        3.08147981E+01        1.74010019E+00    
    1.75000000E+02        2.35000000E+02        3.08730508E+01        1.66436042E+00    
    1.90000000E+02        2.35000000E+02        3.16030109E+01        1.29401454E+00    
    2.05000000E+02        2.35000000E+02        3.29136013E+01        8.25105361E-01    
    2.20000000E+02        2.35000000E+02        3.41949712E+01        8.57694657E-01    
    2.35000000E+02        2.35000000E+02        3.46897542E+01        1.39627295E+00    
    2.50000000E+02        2.35000000E+02        3.39744660E+01        1.77413099E+00    
    2.65000000E+02        2.35000000E+02        3.22340051E+01        1.73191837E+00    
    2.80000000E+02        2.35000000E+02        3.01572574E+01        1.27738393E+00    
    2.95000000E+02        2.35000000E+02        2.85451303E+01        6.58916430E-01    
    3.10000000E+02        2.35000000E+02        2.78951204E+01        5.79379549E-01    
   -5.00000000E+01        2.50000000E+02        3.01404967E+01        2.20752364E-01    
   -3.50000000E+01        2.50000000E+02        3.07743140E+01        9.57463406E-01    
   -2.00000000E+01        2.50000000E+02        3.19448980E+01        1.45244510E+00    
   -5.00000000E+00        2.50000000E+02        3.28469944E+01        1.55817731E+00    
    1.00000000E+01        2.50000000E+02        3.28321321E+01        1.24792346E+00    
    2.50000000E+01        2.50000000E+02        3.17311593E+01        6.78227061E-01    
    4.00000000E+01        2.50000000E+02        2.99709694E+01        4.92174157E-01    
    5.50000000E+01        2.50000000E+02        2.83934257E+01        9.18204705E-01    
    7.00000000E+01        2.50000000E+02        2.78246518E+01        1.16838132E+00    
    8.50000000E+01        2.50000000E+02        2.86123833E+01        1.13239417E+00    
    1.00000000E+02        2.50000000E+02        3.04138777E+01        9.18645515E-01    
    1.15000000E+02        2.50000000E+02        3.23936779E+01        7.80011658E-01    
    1.30000000E+02        2.50000000E+02        3.37323693E+01        9.93759526E-01    
    1.45000000E+02        2.50000000E+02        3.41237092E+01        1.35200750E+00    
    1.60000000E+02        2.50000000E+02        3.39250417E+01        1.57598501E+00    
    1.75000000E+02        2.50000000E+02        3.38581951E+01        1.61040435E+00    
    1.90000000E+02        2.50000000E+02        3.44689960E+01        1.50097602E+00    
    2.05000000E+02        2.50000000E+02        3.57146284E+01        1.31082352E+00    
    2.20000000E+02        2.50000000E+02        3.69570896E+01        1.21239174E+00    
    2.35000000E+02        2.50000000E+02        3.73696748E+01        1.38658919E+00    
    2.50000000E+02        2.50000000E+02        3.64860133E+01        1.64371996E+00    
    2.65000000E+02        2.50000000E+02        3.45222558E+01        1.66847270E+00    
    2.80000000E+02        2.50000000E+02        3.22645901E+01        1.31756255E+00    
    2.95000000E+02        2.50000000E+02        3.06207077E+01        6.43345290E-01    
    3.10000000E+02        2.50000000E+02        3.01404967E+01        2.20752364E-01    
   -5.00000000E+01        2.65000000E+02        3.10200691E+01        3.44687838E-01    
   -3.50000000E+01        2.65000000E+02        3.21056525E+01        1.00128106E+00    
   -2.00000000E+01        2.65000000E+02        3.37937706E+01        1.56845338E+00    
   -5.00000000E+00        2.65000000E+02        3.51163866E+01        1.70958092E+00    
    1.00000000E+01        2.65000000E+02        3.52982330E+01        1.36506201E+00    
    2.50000000E+01        2.65000000E+02        3.41252759E+01        6.91527184E-01    
    4.00000000E+01        2.65000000E+02        3.20803773E+01        3.89845188E-01    
    5.50000000E+01        2.65000000E+02        3.01467746E+01        9.06696293E-01    
    7.00000000E+01        2.65000000E+02        2.93223565E+01        1.21313549E+00    
    8.50000000E+01        2.65000000E+02        3.00747314E+01        1.26871653E+00    
    1.00000000E+02        2.65000000E+02        3.20613436E+01        1.23830173E+00    
    1.15000000E+02        2.65000000E+02        3.43243998E+01        1.23945923E+00    
    1.30000000E+02        2.65000000E+02        3.58745801E+01        1.25245655E+00    
    1.45000000E+02        2.65000000E+02        3.62934983E+01        1.21334103E+00    
    1.60000000E+02        2.65000000E+02        3.59455685E+01        1.16053195E+00    
    1.75000000E+02        2.65000000E+02        3.56556836E+01        1.25331183E+00    
    1.90000000E+02        2.65000000E+02        3.60837526E+01        1.43862060E+00    
    2.05000000E+02        2.65000000E+02        3.72301585E+01        1.46983827E+00    
    2.20000000E+02        2.65000000E+02        3.84081307E+01        1.27599129E+00    
    2.35000000E+02        2.65000000E+02        3.87015970E+01        1.09961453E+00    
    2.50000000E+02        2.65000000E+02        3.75973948E+01        1.22642703E+00    
    2.65000000E+02        2.65000000E+02        3.53594323E+01        1.39752443E+00    
    2.80000000E+02        2.65000000E+02        3.28985070E+01        1.26313382E+00    
    2.95000000E+02        2.65000000E+02        3.12504932E+01        7.58188074E-01    
    3.10000000E+02        2.65000000E+02        3.10200691E+01        3.44687838E-01    
   -5.00000000E+01        2.80000000E+02        3.03164079E+01        5.16404540E-01    
   -3.50000000E+01        2.80000000E+02        3.19667271E+01        9.72385994E-01    
   -2.00000000E+01        2.80000000E+02        3.42581402E+01        1.51755287E+00    
   -5.00000000E+00        2.80000000E+02        3.60557389E+01        1.66555756E+00    
    1.00000000E+01        2.80000000E+02        3.64739411E+01        1.32808174E+00    
    2.50000000E+01        2.80000000E+02        3.52837778E+01        6.51366830E-01    
    4.00000000E+01        2.80000000E+02        3.30504191E+01        1.84804482E-01    
    5.50000000E+01        2.80000000E+02        3.09023986E+01        6.70466973E-01    
    7.00000000E+01        2.80000000E+02        2.99822411E+01        9.00324239E-01    
    8.50000000E+01        2.80000000E+02        3.08279771E+01        9.92853940E-01    
    1.00000000E+02        2.80000000E+02        3.30474854E+01        1.18728880E+00    
    1.15000000E+02        2.80000000E+02        3.55332423E+01        1.40648614E+00    
    1.30000000E+02        2.80000000E+02        3.71325115E+01        1.42139711E+00    
    1.45000000E+02        2.80000000E+02        3.73513798E+01        1.11480874E+00    
    1.60000000E+02        2.80000000E+02        3.66124179E+01        5.97570685E-01    
    1.75000000E+02        2.80000000E+02        3.58892070E+01        6.67327365E-01    
    1.90000000E+02        2.80000000E+02        3.59806600E+01        1.19736064E+00    
    2.05000000E+02        2.80000000E+02        3.69309899E+01        1.40953885E+00    
    2.20000000E+02        2.80000000E+02        3.79900484E+01        1.16005223E+00    
    2.35000000E+02        2.80000000E+02        3.81377053E+01        6.39188948E-01    
    2.50000000E+02        2.80000000E+02        3.68101779E+01        6.54703945E-01    
    2.65000000E+02        2.80000000E+02        3.43259361E+01        1.09388807E+00    
    2.80000000E+02        2.80000000E+02        3.17279169E+01        1.19990837E+00    
    2.95000000E+02        2.80000000E+02        3.01772874E+01        8.80594943E-01    
    3.10000000E+02        2.80000000E+02        3.03164079E+01        5.16404540E-01    
   -5.00000000E+01        2.95000000E+02        2.83544691E+01        3.67634268E-01    
   -3.50000000E+01        2.95000000E+02        3.06601223E+01        7.66987581E-01    
   -2.00000000E+01        2.95000000E+02        3.35808210E+01        1.29360397E+00    
   -5.00000000E+00        2.95000000E+02        3.58400610E+01        1.46391097E+00    
    1.00000000E+01        2.95000000E+02        3.64885824E+01        1.25282066E+00    
    2.50000000E+01        2.95000000E+02        3.53315515E+01        9.19143883E-01    
    4.00000000E+01        2.95000000E+02        3.30435937E+01        8.39337791E-01    
    5.50000000E+01        2.95000000E+02        3.08846468E+01        8.62663954E-01    
    7.00000000E+01        2.95000000E+02        3.00855213E+01        6.45222103E-01    
    8.50000000E+01        2.95000000E+02        3.11772790E+01        3.76031257E-01    
    1.00000000E+02        2.95000000E+02        3.36545273E+01        7.89959934E-01    
    1.15000000E+02        2.95000000E+02        3.62382980E+01        1.26379135E+00    
    1.30000000E+02        2.95000000E+02        3.76390856E+01        1.41885393E+00    
    1.45000000E+02        2.95000000E+02        3.73462923E+01        1.14441251E+00    
    1.60000000E+02        2.95000000E+02        3.59051637E+01        5.08524275E-01    
    1.75000000E+02        2.95000000E+02        3.44860307E+01        4.59500064E-01    
    1.90000000E+02        2.95000000E+02        3.40495436E+01        1.11095304E+00    
    2.05000000E+02        2.95000000E+02        3.46860276E+01        1.37814977E+00    
    2.20000000E+02        2.95000000E+02        3.55760501E+01        1.13199342E+00    
    2.35000000E+02        2.95000000E+02        3.55916156E+01        4.76951860E-01    
    2.50000000E+02        2.95000000E+02        3.41178956E+01        3.24259750E-01    
    2.65000000E+02        2.95000000E+02        3.15232147E+01        9.14476649E-01    
    2.80000000E+02        2.95000000E+02        2.89644209E+01        1.08413628E+00    
    2.95000000E+02        2.95000000E+02        2.76945350E+01        8.04944867E-01    
    3.10000000E+02        2.95000000E+02        2.83544691E+01        3.67634268E-01    
   -5.00000000E+01        3.10000000E+02        2.58505000E+01        1.00010084E-04    
   -3.50000000E+01        3.10000000E+02        2.88389705E+01        5.89726576E-01    
   -2.00000000E+01        3.10000000E+02        3.23232123E+01        1.00970001E+00    
   -5.00000000E+00        3.10000000E+02        3.49376877E+01        1.15212149E+00    
    1.00000000E+01        3.10000000E+02        3.57378033E+01        1.14886549E+00    
    2.50000000E+01        3.10000000E+02        3.46196887E+01        1.27090612E+00    
    4.00000000E+01        3.10000000E+02        3.23870955E+01        1.47061076E+00    
    5.50000000E+01        3.10000000E+02        3.04003348E+01        1.46284672E+00    
    7.00000000E+01        3.10000000E+02        2.99051393E+01        1.11037979E+00    
    8.50000000E+01        3.10000000E+02        3.13413315E+01        5.00132188E-01    
    1.00000000E+02        3.10000000E+02        3.40353130E+01        3.64715353E-01    
    1.15000000E+02        3.10000000E+02        3.65364743E+01        9.25703135E-01    
    1.30000000E+02        3.10000000E+02        3.74681741E+01        1.23962146E+00    
    1.45000000E+02        3.10000000E+02        3.63728739E+01        1.17391278E+00    
    1.60000000E+02        3.10000000E+02        3.39751650E+01        8.32242852E-01    
    1.75000000E+02        3.10000000E+02        3.16689780E+01        7.81143838E-01    
    1.90000000E+02        3.10000000E+02        3.05788009E+01        1.16315603E+00    
    2.05000000E+02        3.10000000E+02        3.08359929E+01        1.35210664E+00    
    2.20000000E+02        3.10000000E+02        3.15545121E+01        1.13204673E+00    
    2.35000000E+02        3.10000000E+02        3.15102532E+01        6.07842488E-01    
    2.50000000E+02        3.10000000E+02        3.00453318E+01        4.11969577E-01    
    2.65000000E+02        3.10000000E+02        2.75650527E+01        7.72093637E-01    
    2.80000000E+02        3.10000000E+02        2.52989477E+01        8.46400775E-01    
    2.95000000E+02        3.10000000E+02        2.45323568E+01        5.46273392E-01    
    3.10000000E+02        3.10000000E+02        2.58505000E+01        1.00010084E-04    
