Model dump (x mu nu), grid of 25x25=625 pts
Model parameter values (noise variance lengthscales [periods]): (1e-12, 38.0405301746139, [360.0, 1.0], [38.0405301746139, 0.6758746573726737])
   -5.00000000E+01       -5.00000000E+01        2.58505000E+01        1.00010084E-04    
   -3.50000000E+01       -5.00000000E+01        2.59881560E+01        1.16331668E+00    
   -2.00000000E+01       -5.00000000E+01        2.63516241E+01        2.23168947E+00    
   -5.00000000E+00       -5.00000000E+01        2.69172636E+01        3.13114847E+00    
    1.00000000E+01       -5.00000000E+01        2.76494866E+01        3.81824626E+00    
    2.50000000E+01       -5.00000000E+01        2.85073705E+01        4.27989982E+00    
    4.00000000E+01       -5.00000000E+01        2.94467984E+01        4.52526939E+00    
    5.50000000E+01       -5.00000000E+01        3.04171410E+01        4.57720023E+00    
    7.00000000E+01       -5.00000000E+01        3.13558255E+01        4.47009398E+00    
    8.50000000E+01       -5.00000000E+01        3.21865665E+01        4.25627116E+00    
    1.00000000E+02       -5.00000000E+01        3.28260530E+01        4.01490678E+00    
    1.15000000E+02       -5.00000000E+01        3.31995635E+01        3.84706779E+00    
    1.30000000E+02       -5.00000000E+01        3.32602541E+01        3.83714067E+00    
    1.45000000E+02       -5.00000000E+01        3.30032550E+01        3.99670322E+00    
    1.60000000E+02       -5.00000000E+01        3.24672521E+01        4.25633799E+00    
    1.75000000E+02       -5.00000000E+01        3.17225673E+01        4.51749094E+00    
    1.90000000E+02       -5.00000000E+01        3.08517053E+01        4.69980708E+00    
    2.05000000E+02       -5.00000000E+01        2.99312400E+01        4.75253551E+00    
    2.20000000E+02       -5.00000000E+01        2.90216185E+01        4.64479489E+00    
    2.35000000E+02       -5.00000000E+01        2.81665308E+01        4.35352542E+00    
    2.50000000E+02       -5.00000000E+01        2.73991514E+01        3.85914642E+00    
    2.65000000E+02       -5.00000000E+01        2.67503141E+01        3.15113212E+00    
    2.80000000E+02       -5.00000000E+01        2.62535548E+01        2.23957381E+00    
    2.95000000E+02       -5.00000000E+01        2.59438556E+01        1.16513698E+00    
    3.10000000E+02       -5.00000000E+01        2.58505000E+01        1.00010084E-04    
   -5.00000000E+01       -3.50000000E+01        2.62533542E+01        1.97348050E+00    
   -3.50000000E+01       -3.50000000E+01        2.64799506E+01        2.26284855E+00    
   -2.00000000E+01       -3.50000000E+01        2.69302661E+01        2.86997552E+00    
   -5.00000000E+00       -3.50000000E+01        2.75840118E+01        3.50016756E+00    
    1.00000000E+01       -3.50000000E+01        2.84101031E+01        3.99924534E+00    
    2.50000000E+01       -3.50000000E+01        2.93707557E+01        4.30149986E+00    
    4.00000000E+01       -3.50000000E+01        3.04214056E+01        4.38367168E+00    
    5.50000000E+01       -3.50000000E+01        3.15058195E+01        4.24365989E+00    
    7.00000000E+01       -3.50000000E+01        3.25501210E+01        3.89600019E+00    
    8.50000000E+01       -3.50000000E+01        3.34619828E+01        3.38312529E+00    
    1.00000000E+02       -3.50000000E+01        3.41401425E+01        2.80432560E+00    
    1.15000000E+02       -3.50000000E+01        3.44945154E+01        2.35911734E+00    
    1.30000000E+02       -3.50000000E+01        3.44705297E+01        2.31036388E+00    
    1.45000000E+02       -3.50000000E+01        3.40669837E+01        2.69686465E+00    
    1.60000000E+02       -3.50000000E+01        3.33384044E+01        3.27490138E+00    
    1.75000000E+02       -3.50000000E+01        3.23803332E+01        3.82395220E+00    
    1.90000000E+02       -3.50000000E+01        3.13043426E+01        4.23278285E+00    
    2.05000000E+02       -3.50000000E+01        3.02134487E+01        4.45867195E+00    
    2.20000000E+02       -3.50000000E+01        2.91864445E+01        4.49079298E+00    
    2.35000000E+02       -3.50000000E+01        2.82742682E+01        4.32889787E+00    
    2.50000000E+02       -3.50000000E+01        2.75063506E+01        3.97714734E+00    
    2.65000000E+02       -3.50000000E+01        2.69016462E+01        3.45402778E+00    
    2.80000000E+02       -3.50000000E+01        2.64780977E+01        2.81952947E+00    
    2.95000000E+02       -3.50000000E+01        2.62558462E+01        2.22701085E+00    
    3.10000000E+02       -3.50000000E+01        2.62533542E+01        1.97348050E+00    
   -5.00000000E+01       -2.00000000E+01        2.67168945E+01        3.55334749E+00    
   -3.50000000E+01       -2.00000000E+01        2.70277197E+01        3.69722161E+00    
   -2.00000000E+01       -2.00000000E+01        2.75362451E+01        3.97597346E+00    
   -5.00000000E+00       -2.00000000E+01        2.82288003E+01        4.28039288E+00    
    1.00000000E+01       -2.00000000E+01        2.90828616E+01        4.50971872E+00    
    2.50000000E+01       -2.00000000E+01        3.00677353E+01        4.59447822E+00    
    4.00000000E+01       -2.00000000E+01        3.11420227E+01        4.49174642E+00    
    5.50000000E+01       -2.00000000E+01        3.22476556E+01        4.17517459E+00    
    7.00000000E+01       -2.00000000E+01        3.33042719E+01        3.63108126E+00    
    8.50000000E+01       -2.00000000E+01        3.42100101E+01        2.86313662E+00    
    1.00000000E+02       -2.00000000E+01        3.48535975E+01        1.90327427E+00    
    1.15000000E+02       -2.00000000E+01        3.51375612E+01        8.37847444E-01    
    1.30000000E+02       -2.00000000E+01        3.50055270E+01        5.35341309E-01    
    1.45000000E+02       -2.00000000E+01        3.44620979E+01        1.55890316E+00    
    1.60000000E+02       -2.00000000E+01        3.35755679E+01        2.52225006E+00    
    1.75000000E+02       -2.00000000E+01        3.24615177E+01        3.29793500E+00    
    1.90000000E+02       -2.00000000E+01        3.12542308E+01        3.85630961E+00    
    2.05000000E+02       -2.00000000E+01        3.00772684E+01        4.20509732E+00    
    2.20000000E+02       -2.00000000E+01        2.90229079E+01        4.37058328E+00    
    2.35000000E+02       -2.00000000E+01        2.81450411E+01        4.38167790E+00    
    2.50000000E+02       -2.00000000E+01        2.74647464E+01        4.26446579E+00    
    2.65000000E+02       -2.00000000E+01        2.69836578E+01        4.05147549E+00    
    2.80000000E+02       -2.00000000E+01        2.66981337E+01        3.79986641E+00    
    2.95000000E+02       -2.00000000E+01        2.66079418E+01        3.60087364E+00    
    3.10000000E+02       -2.00000000E+01        2.67168945E+01        3.55334749E+00    
   -5.00000000E+01       -5.00000000E+00        2.70219533E+01        4.53326318E+00    
   -3.50000000E+01       -5.00000000E+00        2.74132925E+01        4.66314393E+00    
   -2.00000000E+01       -5.00000000E+00        2.79557954E+01        4.81788638E+00    
   -5.00000000E+00       -5.00000000E+00        2.86441844E+01        4.95463606E+00    
    1.00000000E+01       -5.00000000E+00        2.94662421E+01        5.02431823E+00    
    2.50000000E+01       -5.00000000E+00        3.03998583E+01        4.98400593E+00    
    4.00000000E+01       -5.00000000E+00        3.14084738E+01        4.80050821E+00    
    5.50000000E+01       -5.00000000E+00        3.24350846E+01        4.45058507E+00    
    7.00000000E+01       -5.00000000E+00        3.33981988E+01        3.92469385E+00    
    8.50000000E+01       -5.00000000E+00        3.41949260E+01        3.23899653E+00    
    1.00000000E+02       -5.00000000E+00        3.47150287E+01        2.46148215E+00    
    1.15000000E+02       -5.00000000E+00        3.48650610E+01        1.77534083E+00    
    1.30000000E+02       -5.00000000E+00        3.45955495E+01        1.56271083E+00    
    1.45000000E+02       -5.00000000E+00        3.39203071E+01        1.97131634E+00    
    1.60000000E+02       -5.00000000E+00        3.29187430E+01        2.59686174E+00    
    1.75000000E+02       -5.00000000E+00        3.17191698E+01        3.16005623E+00    
    1.90000000E+02       -5.00000000E+00        3.04692711E+01        3.57921540E+00    
    2.05000000E+02       -5.00000000E+00        2.93042887E+01        3.86212906E+00    
    2.20000000E+02       -5.00000000E+00        2.83227859E+01        4.05048199E+00    
    2.35000000E+02       -5.00000000E+00        2.75759931E+01        4.18354322E+00    
    2.50000000E+02       -5.00000000E+00        2.70718937E+01        4.28076141E+00    
    2.65000000E+02       -5.00000000E+00        2.67903895E+01        4.34794635E+00    
    2.80000000E+02       -5.00000000E+00        2.67022129E+01        4.39543759E+00    
    2.95000000E+02       -5.00000000E+00        2.67835932E+01        4.44769204E+00    
    3.10000000E+02       -5.00000000E+00        2.70219533E+01        4.53326318E+00    
   -5.00000000E+01        1.00000000E+01        2.72063917E+01        4.93541197E+00    
   -3.50000000E+01        1.00000000E+01        2.76642765E+01        5.11401343E+00    
   -2.00000000E+01        1.00000000E+01        2.82171036E+01        5.25006928E+00    
   -5.00000000E+00        1.00000000E+01        2.88691013E+01        5.33341566E+00    
    1.00000000E+01        1.00000000E+01        2.96183570E+01        5.34741122E+00    
    2.50000000E+01        1.00000000E+01        3.04505146E+01        5.27454400E+00    
    4.00000000E+01        1.00000000E+01        3.13330371E+01        5.10073495E+00    
    5.50000000E+01        1.00000000E+01        3.22104438E+01        4.81939855E+00    
    7.00000000E+01        1.00000000E+01        3.30031934E+01        4.43787525E+00    
    8.50000000E+01        1.00000000E+01        3.36138758E+01        3.98747996E+00    
    1.00000000E+02        1.00000000E+01        3.39427986E+01        3.53386739E+00    
    1.15000000E+02        1.00000000E+01        3.39110728E+01        3.17389913E+00    
    1.30000000E+02        1.00000000E+01        3.34846765E+01        2.99291851E+00    
    1.45000000E+02        1.00000000E+01        3.26904814E+01        2.99083393E+00    
    1.60000000E+02        1.00000000E+01        3.16170316E+01        3.07331437E+00    
    1.75000000E+02        1.00000000E+01        3.03984953E+01        3.13823592E+00    
    1.90000000E+02        1.00000000E+01        2.91865176E+01        3.15121354E+00    
    2.05000000E+02        1.00000000E+01        2.81184975E+01        3.15813146E+00    
    2.20000000E+02        1.00000000E+01        2.72913166E+01        3.24363363E+00    
    2.35000000E+02        1.00000000E+01        2.67476903E+01        3.45739458E+00    
    2.50000000E+02        1.00000000E+01        2.64786249E+01        3.77285104E+00    
    2.65000000E+02        1.00000000E+01        2.64400720E+01        4.12057733E+00    
    2.80000000E+02        1.00000000E+01        2.65764011E+01        4.44252832E+00    
    2.95000000E+02        1.00000000E+01        2.68409281E+01        4.71399224E+00    
    3.10000000E+02        1.00000000E+01        2.72063917E+01        4.93541197E+00    
   -5.00000000E+01        2.50000000E+01        2.75970614E+01        4.95334728E+00    
   -3.50000000E+01        2.50000000E+01        2.80824516E+01        5.19846210E+00    
   -2.00000000E+01        2.50000000E+01        2.86104774E+01        5.35318335E+00    
   -5.00000000E+00        2.50000000E+01        2.91968136E+01        5.42577336E+00    
    1.00000000E+01        2.50000000E+01        2.98496267E+01        5.41849490E+00    
    2.50000000E+01        2.50000000E+01        3.05603998E+01        5.33176295E+00    
    4.00000000E+01        2.50000000E+01        3.12979003E+01        5.16916835E+00    
    5.50000000E+01        2.50000000E+01        3.20058070E+01        4.94217611E+00    
    7.00000000E+01        2.50000000E+01        3.26057587E+01        4.67324508E+00    
    8.50000000E+01        2.50000000E+01        3.30076026E+01        4.39518049E+00    
    1.00000000E+02        2.50000000E+01        3.31266621E+01        4.14359056E+00    
    1.15000000E+02        2.50000000E+01        3.29047444E+01        3.94058128E+00    
    1.30000000E+02        2.50000000E+01        3.23290590E+01        3.77548498E+00    
    1.45000000E+02        2.50000000E+01        3.14427204E+01        3.59898980E+00    
    1.60000000E+02        2.50000000E+01        3.03425468E+01        3.34282406E+00    
    1.75000000E+02        2.50000000E+01        2.91635947E+01        2.95793693E+00    
    1.90000000E+02        2.50000000E+01        2.80536247E+01        2.45904965E+00    
    2.05000000E+02        2.50000000E+01        2.71433783E+01        1.98196507E+00    
    2.20000000E+02        2.50000000E+01        2.65201507E+01        1.82751282E+00    
    2.35000000E+02        2.50000000E+01        2.62125084E+01        2.18886778E+00    
    2.50000000E+02        2.50000000E+01        2.61917938E+01        2.84310733E+00    
    2.65000000E+02        2.50000000E+01        2.63903390E+01        3.53059752E+00    
    2.80000000E+02        2.50000000E+01        2.67291204E+01        4.12940200E+00    
    2.95000000E+02        2.50000000E+01        2.71434222E+01        4.60257504E+00    
    3.10000000E+02        2.50000000E+01        2.75970614E+01        4.95334728E+00    
   -5.00000000E+01        4.00000000E+01        2.85874098E+01        4.82818512E+00    
   -3.50000000E+01        4.00000000E+01        2.90274174E+01        5.10281647E+00    
   -2.00000000E+01        4.00000000E+01        2.94715984E+01        5.25708186E+00    
   -5.00000000E+00        4.00000000E+01        2.99508699E+01        5.30224451E+00    
    1.00000000E+01        4.00000000E+01        3.04844460E+01        5.24566663E+00    
    2.50000000E+01        4.00000000E+01        3.10682540E+01        5.09647647E+00    
    4.00000000E+01        4.00000000E+01        3.16693491E+01        4.87317844E+00    
    5.50000000E+01        4.00000000E+01        3.22267915E+01        4.61014009E+00    
    7.00000000E+01        4.00000000E+01        3.26597910E+01        4.35690134E+00    
    8.50000000E+01        4.00000000E+01        3.28829236E+01        4.16337307E+00    
    1.00000000E+02        4.00000000E+01        3.28257120E+01        4.05238898E+00    
    1.15000000E+02        4.00000000E+01        3.24515550E+01        3.99838154E+00    
    1.30000000E+02        4.00000000E+01        3.17706985E+01        3.93260275E+00    
    1.45000000E+02        4.00000000E+01        3.08437962E+01        3.76930979E+00    
    1.60000000E+02        4.00000000E+01        2.97752299E+01        3.43236782E+00    
    1.75000000E+02        4.00000000E+01        2.86972858E+01        2.87368091E+00    
    1.90000000E+02        4.00000000E+01        2.77473213E+01        2.08490772E+00    
    2.05000000E+02        4.00000000E+01        2.70412474E+01        1.10211218E+00    
    2.20000000E+02        4.00000000E+01        2.66489000E+01        1.00010013E-04    
    2.35000000E+02        4.00000000E+01        2.65791381E+01        1.12545137E+00    
    2.50000000E+02        4.00000000E+01        2.67817814E+01        2.18122854E+00    
    2.65000000E+02        4.00000000E+01        2.71677933E+01        3.09886591E+00    
    2.80000000E+02        4.00000000E+01        2.76406077E+01        3.84461091E+00    
    2.95000000E+02        4.00000000E+01        2.81257729E+01        4.41577069E+00    
    3.10000000E+02        4.00000000E+01        2.85874098E+01        4.82818512E+00    
   -5.00000000E+01        5.50000000E+01        3.03062321E+01        4.63898831E+00    
   -3.50000000E+01        5.50000000E+01        3.06011712E+01        4.89559144E+00    
   -2.00000000E+01        5.50000000E+01        3.08774619E+01        5.02226539E+00    
   -5.00000000E+00        5.50000000E+01        3.11866124E+01        5.01349014E+00    
    1.00000000E+01        5.50000000E+01        3.15615554E+01        4.86612027E+00    
    2.50000000E+01        5.50000000E+01        3.20031104E+01        4.58634533E+00    
    4.00000000E+01        5.50000000E+01        3.24754054E+01        4.20166725E+00    
    5.50000000E+01        5.50000000E+01        3.29104355E+01        3.77580364E+00    
    7.00000000E+01        5.50000000E+01        3.32216299E+01        3.41498929E+00    
    8.50000000E+01        5.50000000E+01        3.33244321E+01        3.23638951E+00    
    1.00000000E+02        5.50000000E+01        3.31587444E+01        3.28250667E+00    
    1.15000000E+02        5.50000000E+01        3.27063439E+01        3.46978891E+00    
    1.30000000E+02        5.50000000E+01        3.19981492E+01        3.65363508E+00    
    1.45000000E+02        5.50000000E+01        3.11104745E+01        3.71182931E+00    
    1.60000000E+02        5.50000000E+01        3.01529109E+01        3.57298552E+00    
    1.75000000E+02        5.50000000E+01        2.92510440E+01        3.21864561E+00    
    1.90000000E+02        5.50000000E+01        2.85257949E+01        2.69026675E+00    
    2.05000000E+02        5.50000000E+01        2.80706942E+01        2.11789595E+00    
    2.20000000E+02        5.50000000E+01        2.79307111E+01        1.77426941E+00    
    2.35000000E+02        5.50000000E+01        2.80897922E+01        1.94309503E+00    
    2.50000000E+02        5.50000000E+01        2.84748161E+01        2.49896044E+00    
    2.65000000E+02        5.50000000E+01        2.89783000E+01        3.15299091E+00    
    2.80000000E+02        5.50000000E+01        2.94929181E+01        3.75678652E+00    
    2.95000000E+02        5.50000000E+01        2.99439189E+01        4.25746065E+00    
    3.10000000E+02        5.50000000E+01        3.03062321E+01        4.63898831E+00    
   -5.00000000E+01        7.00000000E+01        3.23997316E+01        4.22582764E+00    
   -3.50000000E+01        7.00000000E+01        3.24469480E+01        4.49284787E+00    
   -2.00000000E+01        7.00000000E+01        3.24632465E+01        4.63055418E+00    
   -5.00000000E+00        7.00000000E+01        3.25256665E+01        4.60215379E+00    
    1.00000000E+01        7.00000000E+01        3.26843397E+01        4.38372814E+00    
    2.50000000E+01        7.00000000E+01        3.29475911E+01        3.96696474E+00    
    4.00000000E+01        7.00000000E+01        3.32787307E+01        3.36950570E+00    
    5.50000000E+01        7.00000000E+01        3.36040934E+01        2.65842283E+00    
    7.00000000E+01        7.00000000E+01        3.38313523E+01        2.00206344E+00    
    8.50000000E+01        7.00000000E+01        3.38747722E+01        1.73313269E+00    
    1.00000000E+02        7.00000000E+01        3.36803523E+01        2.04656127E+00    
    1.15000000E+02        7.00000000E+01        3.32423263E+01        2.63300425E+00    
    1.30000000E+02        7.00000000E+01        3.26058120E+01        3.18528808E+00    
    1.45000000E+02        7.00000000E+01        3.18566983E+01        3.56975984E+00    
    1.60000000E+02        7.00000000E+01        3.11043466E+01        3.74349956E+00    
    1.75000000E+02        7.00000000E+01        3.04624301E+01        3.71347595E+00    
    1.90000000E+02        7.00000000E+01        3.00299179E+01        3.52511511E+00    
    2.05000000E+02        7.00000000E+01        2.98721820E+01        3.25891691E+00    
    2.20000000E+02        7.00000000E+01        3.00041492E+01        3.01967052E+00    
    2.35000000E+02        7.00000000E+01        3.03815984E+01        2.90583827E+00    
    2.50000000E+02        7.00000000E+01        3.09082191E+01        2.96647920E+00    
    2.65000000E+02        7.00000000E+01        3.14612076E+01        3.18595999E+00    
    2.80000000E+02        7.00000000E+01        3.19285520E+01        3.51108191E+00    
    2.95000000E+02        7.00000000E+01        3.22432360E+01        3.87885366E+00    
    3.10000000E+02        7.00000000E+01        3.23997316E+01        4.22582764E+00    
   -5.00000000E+01        8.50000000E+01        3.40812779E+01        3.44374854E+00    
   -3.50000000E+01        8.50000000E+01        3.38064820E+01        3.85366419E+00    
   -2.00000000E+01        8.50000000E+01        3.34938618E+01        4.12458746E+00    
   -5.00000000E+00        8.50000000E+01        3.32474349E+01        4.19268406E+00    
    1.00000000E+01        8.50000000E+01        3.31365697E+01        4.02412406E+00    
    2.50000000E+01        8.50000000E+01        3.31806268E+01        3.60632482E+00    
    4.00000000E+01        8.50000000E+01        3.33472082E+01        2.94768134E+00    
    5.50000000E+01        8.50000000E+01        3.35626358E+01        2.08210669E+00    
    7.00000000E+01        8.50000000E+01        3.37330863E+01        1.07152662E+00    
    8.50000000E+01        8.50000000E+01        3.37725000E+01        1.00009977E-04    
    1.00000000E+02        8.50000000E+01        3.36293050E+01        1.04184810E+00    
    1.15000000E+02        8.50000000E+01        3.33024122E+01        1.97598618E+00    
    1.30000000E+02        8.50000000E+01        3.28410278E+01        2.74968035E+00    
    1.45000000E+02        8.50000000E+01        3.23304394E+01        3.33605590E+00    
    1.60000000E+02        8.50000000E+01        3.18712567E+01        3.72643747E+00    
    1.75000000E+02        8.50000000E+01        3.15590323E+01        3.92338331E+00    
    1.90000000E+02        8.50000000E+01        3.14667159E+01        3.93882443E+00    
    2.05000000E+02        8.50000000E+01        3.16292253E+01        3.79479905E+00    
    2.20000000E+02        8.50000000E+01        3.20308233E+01        3.52440362E+00    
    2.35000000E+02        8.50000000E+01        3.26003485E+01        3.17723128E+00    
    2.50000000E+02        8.50000000E+01        3.32214804E+01        2.83580876E+00    
    2.65000000E+02        8.50000000E+01        3.37609291E+01        2.62981356E+00    
    2.80000000E+02        8.50000000E+01        3.41077373E+01        2.68600617E+00    
    2.95000000E+02        8.50000000E+01        3.42082840E+01        3.00314847E+00    
    3.10000000E+02        8.50000000E+01        3.40812779E+01        3.44374854E+00    
   -5.00000000E+01        1.00000000E+02        3.44643027E+01        2.50291021E+00    
   -3.50000000E+01        1.00000000E+02        3.38458359E+01        3.19694441E+00    
   -2.00000000E+01        1.00000000E+02        3.31891158E+01        3.69617084E+00    
   -5.00000000E+00        1.00000000E+02        3.26206514E+01        3.95219910E+00    
    1.00000000E+01        1.00000000E+02        3.22272415E+01        3.95071914E+00    
    2.50000000E+01        1.00000000E+02        3.20413942E+01        3.70129355E+00    
    4.00000000E+01        1.00000000E+02        3.20407539E+01        3.23810891E+00    
    5.50000000E+01        1.00000000E+02        3.21591327E+01        2.62565144E+00    
    7.00000000E+01        1.00000000E+02        3.23075173E+01        1.97053882E+00    
    8.50000000E+01        1.00000000E+02        3.24017142E+01        1.45689299E+00    
    1.00000000E+02        1.00000000E+02        3.23889949E+01        1.35960318E+00    
    1.15000000E+02        1.00000000E+02        3.22639521E+01        1.71702333E+00    
    1.30000000E+02        1.00000000E+02        3.20677130E+01        2.26591150E+00    
    1.45000000E+02        1.00000000E+02        3.18727117E+01        2.83053698E+00    
    1.60000000E+02        1.00000000E+02        3.17611271E+01        3.32108698E+00    
    1.75000000E+02        1.00000000E+02        3.18047088E+01        3.67250765E+00    
    1.90000000E+02        1.00000000E+02        3.20488945E+01        3.83386863E+00    
    2.05000000E+02        1.00000000E+02        3.25003315E+01        3.77161362E+00    
    2.20000000E+02        1.00000000E+02        3.31177871E+01        3.47210224E+00    
    2.35000000E+02        1.00000000E+02        3.38106109E+01        2.94631927E+00    
    2.50000000E+02        1.00000000E+02        3.44513159E+01        2.24719350E+00    
    2.65000000E+02        1.00000000E+02        3.49050519E+01        1.53095685E+00    
    2.80000000E+02        1.00000000E+02        3.50692609E+01        1.24535179E+00    
    2.95000000E+02        1.00000000E+02        3.49079292E+01        1.73680888E+00    
    3.10000000E+02        1.00000000E+02        3.44643027E+01        2.50291021E+00    
   -5.00000000E+01        1.15000000E+02        3.30446070E+01        2.03391470E+00    
   -3.50000000E+01        1.15000000E+02        3.21176570E+01        2.84735818E+00    
   -2.00000000E+01        1.15000000E+02        3.11651167E+01        3.45697088E+00    
   -5.00000000E+00        1.15000000E+02        3.03259076E+01        3.83077279E+00    
    1.00000000E+01        1.15000000E+02        2.96980636E+01        3.96192015E+00    
    2.50000000E+01        1.15000000E+02        2.93262574E+01        3.86934465E+00    
    4.00000000E+01        1.15000000E+02        2.92017554E+01        3.59720036E+00    
    5.50000000E+01        1.15000000E+02        2.92716553E+01        3.20415198E+00    
    7.00000000E+01        1.15000000E+02        2.94565669E+01        2.74264790E+00    
    8.50000000E+01        1.15000000E+02        2.96751201E+01        2.24401990E+00    
    1.00000000E+02        1.15000000E+02        2.98690957E+01        1.73971960E+00    
    1.15000000E+02        1.15000000E+02        3.00197080E+01        1.35316824E+00    
    1.30000000E+02        1.15000000E+02        3.01485074E+01        1.38109605E+00    
    1.45000000E+02        1.15000000E+02        3.03041510E+01        1.87671890E+00    
    1.60000000E+02        1.15000000E+02        3.05426142E+01        2.52683551E+00    
    1.75000000E+02        1.15000000E+02        3.09086590E+01        3.09885167E+00    
    1.90000000E+02        1.15000000E+02        3.14219013E+01        3.46756333E+00    
    2.05000000E+02        1.15000000E+02        3.20668636E+01        3.56687385E+00    
    2.20000000E+02        1.15000000E+02        3.27867061E+01        3.36996897E+00    
    2.35000000E+02        1.15000000E+02        3.34839721E+01        2.88139038E+00    
    2.50000000E+02        1.15000000E+02        3.40340373E+01        2.13746284E+00    
    2.65000000E+02        1.15000000E+02        3.43136887E+01        1.21780707E+00    
    2.80000000E+02        1.15000000E+02        3.42384554E+01        4.37306516E-01    
    2.95000000E+02        1.15000000E+02        3.37937872E+01        1.08879263E+00    
    3.10000000E+02        1.15000000E+02        3.30446070E+01        2.03391470E+00    
   -5.00000000E+01        1.30000000E+02        3.00708072E+01        2.06460178E+00    
   -3.50000000E+01        1.30000000E+02        2.89107389E+01        2.60554831E+00    
   -2.00000000E+01        1.30000000E+02        2.77551592E+01        3.11909406E+00    
   -5.00000000E+00        1.30000000E+02        2.67431441E+01        3.48454262E+00    
    1.00000000E+01        1.30000000E+02        2.59754493E+01        3.64621788E+00    
    2.50000000E+01        1.30000000E+02        2.55051259E+01        3.60438952E+00    
    4.00000000E+01        1.30000000E+02        2.53371785E+01        3.40663401E+00    
    5.50000000E+01        1.30000000E+02        2.54339367E+01        3.11614731E+00    
    7.00000000E+01        1.30000000E+02        2.57269634E+01        2.76308535E+00    
    8.50000000E+01        1.30000000E+02        2.61365165E+01        2.31825080E+00    
    1.00000000E+02        1.30000000E+02        2.65944575E+01        1.72150208E+00    
    1.15000000E+02        1.30000000E+02        2.70616664E+01        9.39202632E-01    
    1.30000000E+02        1.30000000E+02        2.75324000E+01        1.00010048E-04    
    1.45000000E+02        1.30000000E+02        2.80251466E+01        1.00876882E+00    
    1.60000000E+02        1.30000000E+02        2.85662611E+01        1.97066115E+00    
    1.75000000E+02        1.30000000E+02        2.91739095E+01        2.77480972E+00    
    1.90000000E+02        1.30000000E+02        2.98462094E+01        3.34005664E+00    
    2.05000000E+02        1.30000000E+02        3.05535704E+01        3.62332706E+00    
    2.20000000E+02        1.30000000E+02        3.12348488E+01        3.61716520E+00    
    2.35000000E+02        1.30000000E+02        3.17996690E+01        3.34598553E+00    
    2.50000000E+02        1.30000000E+02        3.21413272E+01        2.86884447E+00    
    2.65000000E+02        1.30000000E+02        3.21621037E+01        2.29452908E+00    
    2.80000000E+02        1.30000000E+02        3.18053010E+01        1.81808032E+00    
    2.95000000E+02        1.30000000E+02        3.10808347E+01        1.71848191E+00    
    3.10000000E+02        1.30000000E+02        3.00708072E+01        2.06460178E+00    
   -5.00000000E+01        1.45000000E+02        2.65289440E+01        1.76201748E+00    
   -3.50000000E+01        1.45000000E+02        2.52289385E+01        1.89347432E+00    
   -2.00000000E+01        1.45000000E+02        2.39763229E+01        2.27149087E+00    
   -5.00000000E+00        1.45000000E+02        2.28998843E+01        2.61857893E+00    
    1.00000000E+01        1.45000000E+02        2.20951984E+01        2.77307367E+00    
    2.50000000E+01        1.45000000E+02        2.16186632E+01        2.70401370E+00    
    4.00000000E+01        1.45000000E+02        2.14862268E+01        2.48906531E+00    
    5.50000000E+01        1.45000000E+02        2.16738836E+01        2.26252605E+00    
    7.00000000E+01        1.45000000E+02        2.21228953E+01        2.10951572E+00    
    8.50000000E+01        1.45000000E+02        2.27536346E+01        1.98757059E+00    
    1.00000000E+02        1.45000000E+02        2.34861499E+01        1.80662974E+00    
    1.15000000E+02        1.45000000E+02        2.42590285E+01        1.58996505E+00    
    1.30000000E+02        1.45000000E+02        2.50378326E+01        1.56367385E+00    
    1.45000000E+02        1.45000000E+02        2.58107096E+01        1.93294740E+00    
    1.60000000E+02        1.45000000E+02        2.65759142E+01        2.55269079E+00    
    1.75000000E+02        1.45000000E+02        2.73283922E+01        3.18398261E+00    
    1.90000000E+02        1.45000000E+02        2.80499755E+01        3.68133362E+00    
    2.05000000E+02        1.45000000E+02        2.87039850E+01        3.97710258E+00    
    2.20000000E+02        1.45000000E+02        2.92337704E+01        4.05136874E+00    
    2.35000000E+02        1.45000000E+02        2.95662862E+01        3.91215202E+00    
    2.50000000E+02        1.45000000E+02        2.96234563E+01        3.58501030E+00    
    2.65000000E+02        1.45000000E+02        2.93424041E+01        3.11110543E+00    
    2.80000000E+02        1.45000000E+02        2.86999471E+01        2.55564142E+00    
    2.95000000E+02        1.45000000E+02        2.77308233E+01        2.03661849E+00    
    3.10000000E+02        1.45000000E+02        2.65289440E+01        1.76201748E+00    
   -5.00000000E+01        1.60000000E+02        2.36747289E+01        1.11432027E+00    
   -3.50000000E+01        1.60000000E+02        2.23322777E+01        5.45035851E-01    
   -2.00000000E+01        1.60000000E+02        2.10810277E+01        9.71242240E-01    
   -5.00000000E+00        1.60000000E+02        2.00326567E+01        1.46027835E+00    
    1.00000000E+01        1.60000000E+02        1.92717370E+01        1.63194646E+00    
    2.50000000E+01        1.60000000E+02        1.88528951E+01        1.45284031E+00    
    4.00000000E+01        1.60000000E+02        1.87985274E+01        1.06231026E+00    
    5.50000000E+01        1.60000000E+02        1.90949007E+01        8.99271407E-01    
    7.00000000E+01        1.60000000E+02        1.96914844E+01        1.30956904E+00    
    8.50000000E+01        1.60000000E+02        2.05097254E+01        1.87211124E+00    
    1.00000000E+02        1.60000000E+02        2.14611730E+01        2.32560093E+00    
    1.15000000E+02        1.60000000E+02        2.24671095E+01        2.64225020E+00    
    1.30000000E+02        1.60000000E+02        2.34701639E+01        2.89664099E+00    
    1.45000000E+02        1.60000000E+02        2.44339160E+01        3.17396273E+00    
    1.60000000E+02        1.60000000E+02        2.53338409E+01        3.49716300E+00    
    1.75000000E+02        1.60000000E+02        2.61463777E+01        3.82335756E+00    
    1.90000000E+02        1.60000000E+02        2.68412823E+01        4.09114356E+00    
    2.05000000E+02        1.60000000E+02        2.73787615E+01        4.25534447E+00    
    2.20000000E+02        1.60000000E+02        2.77106453E+01        4.29028246E+00    
    2.35000000E+02        1.60000000E+02        2.77851903E+01        4.17847755E+00    
    2.50000000E+02        1.60000000E+02        2.75564005E+01        3.90211350E+00    
    2.65000000E+02        1.60000000E+02        2.69982432E+01        3.44422099E+00    
    2.80000000E+02        1.60000000E+02        2.61205913E+01        2.79937436E+00    
    2.95000000E+02        1.60000000E+02        2.49795489E+01        1.99254076E+00    
    3.10000000E+02        1.60000000E+02        2.36747289E+01        1.11432027E+00    
   -5.00000000E+01        1.75000000E+02        2.23769323E+01        1.61303840E+00    
   -3.50000000E+01        1.75000000E+02        2.10861941E+01        1.12528849E+00    
   -2.00000000E+01        1.75000000E+02        1.99200126E+01        1.19004339E+00    
   -5.00000000E+00        1.75000000E+02        1.89693156E+01        1.45032786E+00    
    1.00000000E+01        1.75000000E+02        1.83037346E+01        1.48722779E+00    
    2.50000000E+01        1.75000000E+02        1.79713003E+01        1.18925713E+00    
    4.00000000E+01        1.75000000E+02        1.79956994E+01        6.93470624E-01    
    5.50000000E+01        1.75000000E+02        1.83697057E+01        7.87754112E-01    
    7.00000000E+01        1.75000000E+02        1.90506476E+01        1.57196512E+00    
    8.50000000E+01        1.75000000E+02        1.99652457E+01        2.37647724E+00    
    1.00000000E+02        1.75000000E+02        2.10248803E+01        3.02415874E+00    
    1.15000000E+02        1.75000000E+02        2.21442820E+01        3.47699294E+00    
    1.30000000E+02        1.75000000E+02        2.32541875E+01        3.76201753E+00    
    1.45000000E+02        1.75000000E+02        2.43032042E+01        3.93078529E+00    
    1.60000000E+02        1.75000000E+02        2.52512636E+01        4.02737915E+00    
    1.75000000E+02        1.75000000E+02        2.60610325E+01        4.07812323E+00    
    1.90000000E+02        1.75000000E+02        2.66927707E+01        4.09923034E+00    
    2.05000000E+02        1.75000000E+02        2.71044868E+01        4.10207921E+00    
    2.20000000E+02        1.75000000E+02        2.72561039E+01        4.08442300E+00    
    2.35000000E+02        1.75000000E+02        2.71155765E+01        4.01812140E+00    
    2.50000000E+02        1.75000000E+02        2.66660421E+01        3.85127890E+00    
    2.65000000E+02        1.75000000E+02        2.59138998E+01        3.52818934E+00    
    2.80000000E+02        1.75000000E+02        2.48963506E+01        3.01728495E+00    
    2.95000000E+02        1.75000000E+02        2.36843818E+01        2.34055506E+00    
    3.10000000E+02        1.75000000E+02        2.23769323E+01        1.61303840E+00    
   -5.00000000E+01        1.90000000E+02        2.27057035E+01        2.73740973E+00    
   -3.50000000E+01        1.90000000E+02        2.15460707E+01        2.50077902E+00    
   -2.00000000E+01        1.90000000E+02        2.05293109E+01        2.39105936E+00    
   -5.00000000E+00        1.90000000E+02        1.97243025E+01        2.30848000E+00    
    1.00000000E+01        1.90000000E+02        1.91833527E+01        2.11287375E+00    
    2.50000000E+01        1.90000000E+02        1.89438527E+01        1.77220862E+00    
    4.00000000E+01        1.90000000E+02        1.90259666E+01        1.47831623E+00    
    5.50000000E+01        1.90000000E+02        1.94255440E+01        1.62503441E+00    
    7.00000000E+01        1.90000000E+02        2.01080531E+01        2.22219413E+00    
    8.50000000E+01        1.90000000E+02        2.10106954E+01        2.92558336E+00    
    1.00000000E+02        1.90000000E+02        2.20542668E+01        3.52016526E+00    
    1.15000000E+02        1.90000000E+02        2.31589539E+01        3.92133982E+00    
    1.30000000E+02        1.90000000E+02        2.42556497E+01        4.11450376E+00    
    1.45000000E+02        1.90000000E+02        2.52882129E+01        4.12001736E+00    
    1.60000000E+02        1.90000000E+02        2.62085001E+01        3.97565458E+00    
    1.75000000E+02        1.90000000E+02        2.69700173E+01        3.73661312E+00    
    1.90000000E+02        1.90000000E+02        2.75255881E+01        3.48368673E+00    
    2.05000000E+02        1.90000000E+02        2.78308371E+01        3.31396516E+00    
    2.20000000E+02        1.90000000E+02        2.78514522E+01        3.29002580E+00    
    2.35000000E+02        1.90000000E+02        2.75706027E+01        3.38234875E+00    
    2.50000000E+02        1.90000000E+02        2.69940699E+01        3.48500068E+00    
    2.65000000E+02        1.90000000E+02        2.61527640E+01        3.48935120E+00    
    2.80000000E+02        1.90000000E+02        2.51029131E+01        3.34018518E+00    
    2.95000000E+02        1.90000000E+02        2.39229735E+01        3.05808787E+00    
    3.10000000E+02        1.90000000E+02        2.27057035E+01        2.73740973E+00    
   -5.00000000E+01        2.05000000E+02        2.40271378E+01        3.52027787E+00    
   -3.50000000E+01        2.05000000E+02        2.30508816E+01        3.32386397E+00    
   -2.00000000E+01        2.05000000E+02        2.22230588E+01        3.05545628E+00    
   -5.00000000E+00        2.05000000E+02        2.15912578E+01        2.68963954E+00    
    1.00000000E+01        2.05000000E+02        2.11898650E+01        2.19493327E+00    
    2.50000000E+01        2.05000000E+02        2.10432300E+01        1.61806677E+00    
    4.00000000E+01        2.05000000E+02        2.11645380E+01        1.24851046E+00    
    5.50000000E+01        2.05000000E+02        2.15498717E+01        1.55393685E+00    
    7.00000000E+01        2.05000000E+02        2.21723878E+01        2.28861652E+00    
    8.50000000E+01        2.05000000E+02        2.29827146E+01        3.03876139E+00    
    1.00000000E+02        2.05000000E+02        2.39172128E+01        3.62712520E+00    
    1.15000000E+02        2.05000000E+02        2.49097089E+01        3.98222265E+00    
    1.30000000E+02        2.05000000E+02        2.58999796E+01        4.08126189E+00    
    1.45000000E+02        2.05000000E+02        2.68352060E+01        3.92686458E+00    
    1.60000000E+02        2.05000000E+02        2.76659311E+01        3.53995195E+00    
    1.75000000E+02        2.05000000E+02        2.83416921E+01        2.97071005E+00    
    1.90000000E+02        2.05000000E+02        2.88112789E+01        2.33345195E+00    
    2.05000000E+02        2.05000000E+02        2.90291107E+01        1.87210242E+00    
    2.20000000E+02        2.05000000E+02        2.89650227E+01        1.90354907E+00    
    2.35000000E+02        2.05000000E+02        2.86126681E+01        2.36794786E+00    
    2.50000000E+02        2.05000000E+02        2.79930111E+01        2.92172004E+00    
    2.65000000E+02        2.05000000E+02        2.71525364E+01        3.35262317E+00    
    2.80000000E+02        2.05000000E+02        2.61578947E+01        3.58549886E+00    
    2.95000000E+02        2.05000000E+02        2.50884406E+01        3.62526101E+00    
    3.10000000E+02        2.05000000E+02        2.40271378E+01        3.52027787E+00    
   -5.00000000E+01        2.20000000E+02        2.54760121E+01        3.97836738E+00    
   -3.50000000E+01        2.20000000E+02        2.47050096E+01        3.76547128E+00    
   -2.00000000E+01        2.20000000E+02        2.40809197E+01        3.37461746E+00    
   -5.00000000E+00        2.20000000E+02        2.36325198E+01        2.79684271E+00    
    1.00000000E+01        2.20000000E+02        2.33774954E+01        2.02372888E+00    
    2.50000000E+01        2.20000000E+02        2.33267758E+01        1.07243926E+00    
    4.00000000E+01        2.20000000E+02        2.34849000E+01        1.00010013E-04    
    5.50000000E+01        2.20000000E+02        2.38459424E+01        1.10218787E+00    
    7.00000000E+01        2.20000000E+02        2.43887697E+01        2.12941708E+00    
    8.50000000E+01        2.20000000E+02        2.50764311E+01        2.98809529E+00    
    1.00000000E+02        2.20000000E+02        2.58612530E+01        3.61171850E+00    
    1.15000000E+02        2.20000000E+02        2.66926501E+01        3.96339781E+00    
    1.30000000E+02        2.20000000E+02        2.75227146E+01        4.02825329E+00    
    1.45000000E+02        2.20000000E+02        2.83066896E+01        3.80407312E+00    
    1.60000000E+02        2.20000000E+02        2.89995624E+01        3.29813153E+00    
    1.75000000E+02        2.20000000E+02        2.95531219E+01        2.53269765E+00    
    1.90000000E+02        2.20000000E+02        2.99178157E+01        1.55507580E+00    
    2.05000000E+02        2.20000000E+02        3.00506300E+01        4.49305695E-01    
    2.20000000E+02        2.20000000E+02        2.99260287E+01        7.24072930E-01    
    2.35000000E+02        2.20000000E+02        2.95446665E+01        1.79702813E+00    
    2.50000000E+02        2.20000000E+02        2.89358232E+01        2.70679627E+00    
    2.65000000E+02        2.20000000E+02        2.81531162E+01        3.38806312E+00    
    2.80000000E+02        2.20000000E+02        2.72659719E+01        3.81720546E+00    
    2.95000000E+02        2.20000000E+02        2.63497134E+01        4.00446355E+00    
    3.10000000E+02        2.20000000E+02        2.54760121E+01        3.97836738E+00    
   -5.00000000E+01        2.35000000E+02        2.64280922E+01        4.34723293E+00    
   -3.50000000E+01        2.35000000E+02        2.58604727E+01        4.15274613E+00    
   -2.00000000E+01        2.35000000E+02        2.54376337E+01        3.78764799E+00    
   -5.00000000E+00        2.35000000E+02        2.51728019E+01        3.26261438E+00    
    1.00000000E+01        2.35000000E+02        2.50691813E+01        2.62242357E+00    
    2.50000000E+01        2.35000000E+02        2.51252438E+01        2.00915458E+00    
    4.00000000E+01        2.35000000E+02        2.53364928E+01        1.74906193E+00    
    5.50000000E+01        2.35000000E+02        2.56931266E+01        2.08994551E+00    
    7.00000000E+01        2.35000000E+02        2.61763860E+01        2.75769512E+00    
    8.50000000E+01        2.35000000E+02        2.67573642E+01        3.42962149E+00    
    1.00000000E+02        2.35000000E+02        2.73998654E+01        3.95048748E+00    
    1.15000000E+02        2.35000000E+02        2.80655082E+01        4.25481896E+00    
    1.30000000E+02        2.35000000E+02        2.87175373E+01        4.31908554E+00    
    1.45000000E+02        2.35000000E+02        2.93209826E+01        4.14194426E+00    
    1.60000000E+02        2.35000000E+02        2.98398737E+01        3.74162783E+00    
    1.75000000E+02        2.35000000E+02        3.02349164E+01        3.17014545E+00    
    1.90000000E+02        2.35000000E+02        3.04653898E+01        2.54884746E+00    
    2.05000000E+02        2.35000000E+02        3.04965231E+01        2.12395403E+00    
    2.20000000E+02        2.35000000E+02        3.03097733E+01        2.18588367E+00    
    2.35000000E+02        2.35000000E+02        2.99110230E+01        2.67954749E+00    
    2.50000000E+02        2.35000000E+02        2.93326315E+01        3.29645264E+00    
    2.65000000E+02        2.35000000E+02        2.86286529E+01        3.83026156E+00    
    2.80000000E+02        2.35000000E+02        2.78655894E+01        4.19393642E+00    
    2.95000000E+02        2.35000000E+02        2.71118310E+01        4.36452307E+00    
    3.10000000E+02        2.35000000E+02        2.64280922E+01        4.34723293E+00    
   -5.00000000E+01        2.50000000E+02        2.66942573E+01        4.58030899E+00    
   -3.50000000E+01        2.50000000E+02        2.63136754E+01        4.45528203E+00    
   -2.00000000E+01        2.50000000E+02        2.60812984E+01        4.24311543E+00    
   -5.00000000E+00        2.50000000E+02        2.59977730E+01        3.95972958E+00    
    1.00000000E+01        2.50000000E+02        2.60539176E+01        3.65232865E+00    
    2.50000000E+01        2.50000000E+02        2.62369091E+01        3.41462166E+00    
    4.00000000E+01        2.50000000E+02        2.65331686E+01        3.36000036E+00    
    5.50000000E+01        2.50000000E+02        2.69271893E+01        3.53750915E+00    
    7.00000000E+01        2.50000000E+02        2.73985132E+01        3.88088664E+00    
    8.50000000E+01        2.50000000E+02        2.79201604E+01        4.26711357E+00    
    1.00000000E+02        2.50000000E+02        2.84603418E+01        4.59224813E+00    
    1.15000000E+02        2.50000000E+02        2.89865549E+01        4.79491269E+00    
    1.30000000E+02        2.50000000E+02        2.94693067E+01        4.84879652E+00    
    1.45000000E+02        2.50000000E+02        2.98830334E+01        4.75184295E+00    
    1.60000000E+02        2.50000000E+02        3.02040404E+01        4.52367967E+00    
    1.75000000E+02        2.50000000E+02        3.04078835E+01        4.21236949E+00    
    1.90000000E+02        2.50000000E+02        3.04696016E+01        3.90219566E+00    
    2.05000000E+02        2.50000000E+02        3.03685722E+01        3.70206252E+00    
    2.20000000E+02        2.50000000E+02        3.00964545E+01        3.69271200E+00    
    2.35000000E+02        2.50000000E+02        2.96642035E+01        3.86392604E+00    
    2.50000000E+02        2.50000000E+02        2.91043928E+01        4.12431673E+00    
    2.65000000E+02        2.50000000E+02        2.84676564E+01        4.37208446E+00    
    2.80000000E+02        2.50000000E+02        2.78146976E+01        4.54246085E+00    
    2.95000000E+02        2.50000000E+02        2.72063793E+01        4.61168635E+00    
    3.10000000E+02        2.50000000E+02        2.66942573E+01        4.58030899E+00    
   -5.00000000E+01        2.65000000E+02        2.64426037E+01        4.38098278E+00    
   -3.50000000E+01        2.65000000E+02        2.62256326E+01        4.34673888E+00    
   -2.00000000E+01        2.65000000E+02        2.61700382E+01        4.33342853E+00    
   -5.00000000E+00        2.65000000E+02        2.62661986E+01        4.32624747E+00    
    1.00000000E+01        2.65000000E+02        2.64941370E+01        4.32234709E+00    
    2.50000000E+01        2.65000000E+02        2.68306154E+01        4.34163603E+00    
    4.00000000E+01        2.65000000E+02        2.72528117E+01        4.41423510E+00    
    5.50000000E+01        2.65000000E+02        2.77376154E+01        4.55395328E+00    
    7.00000000E+01        2.65000000E+02        2.82586182E+01        4.74285683E+00    
    8.50000000E+01        2.65000000E+02        2.87842303E+01        4.94085525E+00    
    1.00000000E+02        2.65000000E+02        2.92792769E+01        5.10711945E+00    
    1.15000000E+02        2.65000000E+02        2.97098260E+01        5.21397698E+00    
    1.30000000E+02        2.65000000E+02        3.00486167E+01        5.24870747E+00    
    1.45000000E+02        2.65000000E+02        3.02778952E+01        5.21013638E+00    
    1.60000000E+02        2.65000000E+02        3.03881867E+01        5.10735630E+00    
    1.75000000E+02        2.65000000E+02        3.03744599E+01        4.96195922E+00    
    1.90000000E+02        2.65000000E+02        3.02331313E+01        4.80844699E+00    
    2.05000000E+02        2.65000000E+02        2.99627499E+01        4.68525900E+00    
    2.20000000E+02        2.65000000E+02        2.95684185E+01        4.61593110E+00    
    2.35000000E+02        2.65000000E+02        2.90672609E+01        4.59390030E+00    
    2.50000000E+02        2.65000000E+02        2.84915551E+01        4.58762187E+00    
    2.65000000E+02        2.65000000E+02        2.78875501E+01        4.56398179E+00    
    2.80000000E+02        2.65000000E+02        2.73099402E+01        4.51056105E+00    
    2.95000000E+02        2.65000000E+02        2.68133000E+01        4.44095109E+00    
    3.10000000E+02        2.65000000E+02        2.64426037E+01        4.38098278E+00    
   -5.00000000E+01        2.80000000E+02        2.60151198E+01        3.51326639E+00    
   -3.50000000E+01        2.80000000E+02        2.59368417E+01        3.58762237E+00    
   -2.00000000E+01        2.80000000E+02        2.60424054E+01        3.81896249E+00    
   -5.00000000E+00        2.80000000E+02        2.63141396E+01        4.11528296E+00    
    1.00000000E+01        2.80000000E+02        2.67230984E+01        4.39992331E+00    
    2.50000000E+01        2.80000000E+02        2.72368643E+01        4.63788843E+00    
    4.00000000E+01        2.80000000E+02        2.78235415E+01        4.82618463E+00    
    5.50000000E+01        2.80000000E+02        2.84508142E+01        4.97372969E+00    
    7.00000000E+01        2.80000000E+02        2.90823899E+01        5.08754509E+00    
    8.50000000E+01        2.80000000E+02        2.96758715E+01        5.17051495E+00    
    1.00000000E+02        2.80000000E+02        3.01851929E+01        5.22582477E+00    
    1.15000000E+02        2.80000000E+02        3.05678053E+01        5.25959311E+00    
    1.30000000E+02        2.80000000E+02        3.07935169E+01        5.27798279E+00    
    1.45000000E+02        2.80000000E+02        3.08503429E+01        5.28234964E+00    
    1.60000000E+02        2.80000000E+02        3.07441854E+01        5.26830215E+00    
    1.75000000E+02        2.80000000E+02        3.04929031E+01        5.22987220E+00    
    1.90000000E+02        2.80000000E+02        3.01187191E+01        5.16387379E+00    
    2.05000000E+02        2.80000000E+02        2.96434603E+01        5.06900524E+00    
    2.20000000E+02        2.80000000E+02        2.90886736E+01        4.94010492E+00    
    2.35000000E+02        2.80000000E+02        2.84793735E+01        4.76449721E+00    
    2.50000000E+02        2.80000000E+02        2.78483120E+01        4.52788350E+00    
    2.65000000E+02        2.80000000E+02        2.72377782E+01        4.23070033E+00    
    2.80000000E+02        2.80000000E+02        2.66971614E+01        3.90771670E+00    
    2.95000000E+02        2.80000000E+02        2.62761217E+01        3.63656337E+00    
    3.10000000E+02        2.80000000E+02        2.60151198E+01        3.51326639E+00    
   -5.00000000E+01        2.95000000E+02        2.57536632E+01        1.96929876E+00    
   -3.50000000E+01        2.95000000E+02        2.57918433E+01        2.23757260E+00    
   -2.00000000E+01        2.95000000E+02        2.60390094E+01        2.85143410E+00    
   -5.00000000E+00        2.95000000E+02        2.64724660E+01        3.51325784E+00    
    1.00000000E+01        2.95000000E+02        2.70575058E+01        4.07723801E+00    
    2.50000000E+01        2.95000000E+02        2.77552215E+01        4.49527617E+00    
    4.00000000E+01        2.95000000E+02        2.85260572E+01        4.76599902E+00    
    5.50000000E+01        2.95000000E+02        2.93279446E+01        4.90817951E+00    
    7.00000000E+01        2.95000000E+02        3.01118284E+01        4.94870129E+00    
    8.50000000E+01        2.95000000E+02        3.08195097E+01        4.92059451E+00    
    1.00000000E+02        2.95000000E+02        3.13878299E+01        4.86428777E+00    
    1.15000000E+02        2.95000000E+02        3.17596327E+01        4.82308977E+00    
    1.30000000E+02        2.95000000E+02        3.18974566E+01        4.82897233E+00    
    1.45000000E+02        2.95000000E+02        3.17933083E+01        4.88699210E+00    
    1.60000000E+02        2.95000000E+02        3.14693000E+01        4.97306968E+00    
    1.75000000E+02        2.95000000E+02        3.09688916E+01        5.04777714E+00    
    1.90000000E+02        2.95000000E+02        3.03436070E+01        5.07281051E+00    
    2.05000000E+02        2.95000000E+02        2.96418440E+01        5.01797305E+00    
    2.20000000E+02        2.95000000E+02        2.89040721E+01        4.85871741E+00    
    2.35000000E+02        2.95000000E+02        2.81646180E+01        4.57231470E+00    
    2.50000000E+02        2.95000000E+02        2.74570969E+01        4.14079884E+00    
    2.65000000E+02        2.95000000E+02        2.68194229E+01        3.56485978E+00    
    2.80000000E+02        2.95000000E+02        2.62948826E+01        2.89107574E+00    
    2.95000000E+02        2.95000000E+02        2.59276066E+01        2.26160654E+00    
    3.10000000E+02        2.95000000E+02        2.57536632E+01        1.96929876E+00    
   -5.00000000E+01        3.10000000E+02        2.58505000E+01        1.00010084E-04    
   -3.50000000E+01        3.10000000E+02        2.59881560E+01        1.16331668E+00    
   -2.00000000E+01        3.10000000E+02        2.63516241E+01        2.23168947E+00    
   -5.00000000E+00        3.10000000E+02        2.69172636E+01        3.13114847E+00    
    1.00000000E+01        3.10000000E+02        2.76494866E+01        3.81824626E+00    
    2.50000000E+01        3.10000000E+02        2.85073705E+01        4.27989982E+00    
    4.00000000E+01        3.10000000E+02        2.94467984E+01        4.52526939E+00    
    5.50000000E+01        3.10000000E+02        3.04171410E+01        4.57720023E+00    
    7.00000000E+01        3.10000000E+02        3.13558255E+01        4.47009398E+00    
    8.50000000E+01        3.10000000E+02        3.21865665E+01        4.25627116E+00    
    1.00000000E+02        3.10000000E+02        3.28260530E+01        4.01490678E+00    
    1.15000000E+02        3.10000000E+02        3.31995635E+01        3.84706779E+00    
    1.30000000E+02        3.10000000E+02        3.32602541E+01        3.83714067E+00    
    1.45000000E+02        3.10000000E+02        3.30032550E+01        3.99670322E+00    
    1.60000000E+02        3.10000000E+02        3.24672521E+01        4.25633799E+00    
    1.75000000E+02        3.10000000E+02        3.17225673E+01        4.51749094E+00    
    1.90000000E+02        3.10000000E+02        3.08517053E+01        4.69980708E+00    
    2.05000000E+02        3.10000000E+02        2.99312400E+01        4.75253551E+00    
    2.20000000E+02        3.10000000E+02        2.90216185E+01        4.64479489E+00    
    2.35000000E+02        3.10000000E+02        2.81665308E+01        4.35352542E+00    
    2.50000000E+02        3.10000000E+02        2.73991514E+01        3.85914642E+00    
    2.65000000E+02        3.10000000E+02        2.67503141E+01        3.15113212E+00    
    2.80000000E+02        3.10000000E+02        2.62535548E+01        2.23957381E+00    
    2.95000000E+02        3.10000000E+02        2.59438556E+01        1.16513698E+00    
    3.10000000E+02        3.10000000E+02        2.58505000E+01        1.00010084E-04    
