Global minimum predictions by iteration (iter npts x_hat mu_hat nu_hat)
  0.0000000000E+00  5.0000000000E+00       2.9755757288E+01  2.2526935140E+02  2.3434218336E+01  7.2719644420E-01
  5.0000000000E+00  1.0000000000E+01       3.1716125432E+01  1.7379940576E+02  1.7931565532E+01  8.3906119520E-01
  1.0000000000E+01  1.5000000000E+01       5.8906254939E+01  1.7559195835E+02  1.8024625490E+01  2.3699378412E-01
  1.5000000000E+01  2.0000000000E+01       5.9421689047E+01  1.8026774327E+02  1.7516692162E+01  7.2964741013E-03
  2.0000000000E+01  2.5000000000E+01       5.8974810158E+01  1.8034933716E+02  1.7463680555E+01  6.1890126293E-03
  2.5000000000E+01  3.0000000000E+01       5.9779746520E+01  1.8011731845E+02  1.7481507058E+01  9.9296836530E-09
  3.0000000000E+01  3.5000000000E+01       5.9826236209E+01  1.8017316700E+02  1.7481506178E+01  9.9075076142E-09
  3.5000000000E+01  4.0000000000E+01       5.9764713135E+01  1.8011660499E+02  1.7481528998E+01  1.0522972627E-08
  4.0000000000E+01  4.5000000000E+01       5.9756918835E+01  1.8010742930E+02  1.7481529399E+01  1.0527420624E-08
